rang;id;nom;adresse;lien;score;indices;etiquette_finale;remarque
1;osm_n2445450649;Tsuru;35 Rue Gay-Lussac, 75005 Paris;https://www.google.com/maps/search/Tsuru+35+Rue+Gay-Lussac%2C+75005+Paris;-4.62;-0.29 dîners en solo — plutôt des habitués que des visiteurs · -0.49 ambiance calme · -1.30 fait de la livraison — on livre des riverains, pas des touristes · -0.25 vente à emporter · -1.50 décrit comme un restaurant de quartier · -0.80 un avis parle d'années de fidélité;;
2;osm_n12403457895;Crêperie du Cloître;14 Rue du Cloitre Notre Dame, 75004 Paris;https://www.google.com/maps/search/Cr%C3%AAperie+du+Clo%C3%AEtre+14+Rue+du+Cloitre+Notre+Dame%2C+75004+Paris;-4.05;+0.86 Google signale une clientèle de touristes · -2.89 fréquenté au petit-déjeuner — habitude de quartier · -0.29 dîners en solo — plutôt des habitués que des visiteurs · -0.49 ambiance calme · -0.25 vente à emporter · -1.00 classé « à emporter »;;
3;osm_n9849070354;Rosemonde;2 Place Edmond Rostand, 75006;https://www.google.com/maps/search/Rosemonde+2+Place+Edmond+Rostand%2C+75006;-4.05;+0.86 Google signale une clientèle de touristes · +0.90 accueille des groupes — cars et sorties organisées · -2.89 fréquenté au petit-déjeuner — habitude de quartier · -0.29 dîners en solo — plutôt des habitués que des visiteurs · -1.30 fait de la livraison — on livre des riverains, pas des touristes · -0.25 vente à emporter · -0.80 pizzas à emporter · -0.50 classé « familial » · -0.50 café — on y revient · +0.72 fréquentation surtout le week-end;;
4;osm_n9851849117;Saïgon d'Antan;26 Rue Monsieur le Prince, 75006 Paris;https://www.google.com/maps/search/Sa%C3%AFgon+d%27Antan+26+Rue+Monsieur+le+Prince%2C+75006+Paris;-3.48;-1.30 fait de la livraison — on livre des riverains, pas des touristes · -0.25 vente à emporter · -1.00 classé « à emporter » · -0.50 classé « familial » · -0.43 fréquentation également répartie semaine / week-end;;
5;osm_n3463298796;Loulou';90 Boulevard Saint-Germain, 75005;https://www.google.com/maps/search/Loulou%27+90+Boulevard+Saint-Germain%2C+75005;-3.26;+0.86 Google signale une clientèle de touristes · +0.90 accueille des groupes — cars et sorties organisées · -2.89 fréquenté au petit-déjeuner — habitude de quartier · -0.29 dîners en solo — plutôt des habitués que des visiteurs · -0.49 ambiance calme · -1.30 fait de la livraison — on livre des riverains, pas des touristes · -0.25 vente à emporter · -0.50 café — on y revient · +0.49 fréquentation également répartie semaine / week-end · +1.00 les avis citent Notre-Dame · -0.80 un avis parle du quartier;;
6;osm_n2788471685;Sushiko;64 Rue Mouffetard, 75005 Paris;https://www.google.com/maps/search/Sushiko+64+Rue+Mouffetard%2C+75005+Paris;-3.15;-1.30 fait de la livraison — on livre des riverains, pas des touristes · -0.25 vente à emporter · -0.80 mis en avant pour la vente à emporter · -0.80 un avis parle du quartier;;
7;osm_n7799077047;Bicla;46 Rue Monsieur le Prince, 75006 Paris;https://www.google.com/maps/search/Bicla+46+Rue+Monsieur+le+Prince%2C+75006+Paris;-3.14;-0.29 dîners en solo — plutôt des habitués que des visiteurs · -0.25 vente à emporter · -1.00 classé « à emporter » · -0.80 traiteur — clientèle qui repasse · -0.80 un avis anglophone parle d'habitués;;
8;osm_n11627968300;Osteria Brutto;15 Rue Gracieuse, 75005 Paris;https://www.google.com/maps/search/Osteria+Brutto+15+Rue+Gracieuse%2C+75005+Paris;-2.97;+0.86 Google signale une clientèle de touristes · +1.11 positionné « romantique » — repas de destination · -0.29 dîners en solo — plutôt des habitués que des visiteurs · -1.30 fait de la livraison — on livre des riverains, pas des touristes · -0.25 vente à emporter · -1.00 classé « à emporter » · -0.80 traiteur — clientèle qui repasse · -0.50 classé « familial » · -0.80 un avis anglophone parle d'habitués;;
9;osm_n726579049;A Braccetto;19 Rue Soufflot, 75005 Paris;https://www.google.com/maps/search/A+Braccetto+19+Rue+Soufflot%2C+75005+Paris;-2.91;+0.86 Google signale une clientèle de touristes · +0.90 accueille des groupes — cars et sorties organisées · +1.11 positionné « romantique » — repas de destination · -2.89 fréquenté au petit-déjeuner — habitude de quartier · -0.29 dîners en solo — plutôt des habitués que des visiteurs · -0.49 ambiance calme · -1.30 fait de la livraison — on livre des riverains, pas des touristes · -0.25 vente à emporter · -0.80 pizzas à emporter · -0.80 traiteur — clientèle qui repasse · -0.50 café — on y revient · +0.93 fréquentation surtout le week-end · +0.60 les avis citent le Panthéon;;
10;osm_n6097105390;Le Saint-André;2 Rue Danton, 75006 Paris;https://www.google.com/maps/search/Le+Saint-Andr%C3%A9+2+Rue+Danton%2C+75006+Paris;-2.80;+0.86 Google signale une clientèle de touristes · +0.90 accueille des groupes — cars et sorties organisées · -2.89 fréquenté au petit-déjeuner — habitude de quartier · -0.29 dîners en solo — plutôt des habitués que des visiteurs · -0.49 ambiance calme · -0.25 vente à emporter · -0.80 pizzas à emporter · -0.50 café — on y revient · +0.64 fréquentation surtout le week-end;;
11;osm_n5424927696;Nossa;1 Rue de l'École Polytechnique;https://www.google.com/maps/search/Nossa+1+Rue+de+l%27%C3%89cole+Polytechnique;-2.80;-1.00 classé « à emporter » · -0.50 classé « familial » · -0.50 café — on y revient · -0.80 mis en avant pour la vente à emporter;;
12;osm_n10856245887;La vie en fruits;116 Bd Saint-Germain, 75006 Paris;https://www.google.com/maps/search/La+vie+en+fruits+116+Bd+Saint-Germain%2C+75006+Paris;-2.78;+0.86 Google signale une clientèle de touristes · -0.49 ambiance calme · -1.30 fait de la livraison — on livre des riverains, pas des touristes · -0.25 vente à emporter · -0.80 traiteur — clientèle qui repasse · -0.80 un avis parle du quartier;;
13;osm_n2939348010;Brava Pizza;38 Rue du Cardinal Lemoine, 75005 Paris;https://www.google.com/maps/search/Brava+Pizza+38+Rue+du+Cardinal+Lemoine%2C+75005+Paris;-2.58;+0.86 Google signale une clientèle de touristes · -0.29 dîners en solo — plutôt des habitués que des visiteurs · -1.30 fait de la livraison — on livre des riverains, pas des touristes · -0.25 vente à emporter · -0.80 pizzas à emporter · -0.80 un avis parle du quartier;;
14;osm_n6528496865;Happiz;9 Rue Monge, 75005 Paris;https://www.google.com/maps/search/Happiz+9+Rue+Monge%2C+75005+Paris;-2.47;+0.86 Google signale une clientèle de touristes · -0.29 dîners en solo — plutôt des habitués que des visiteurs · -0.49 ambiance calme · -1.30 fait de la livraison — on livre des riverains, pas des touristes · -0.25 vente à emporter · -1.00 classé « à emporter »;;
15;osm_n2341691147;Café de la Nouvelle Mairie;19 Rue des Fossés Saint-Jacques, 75005;https://www.google.com/maps/search/Caf%C3%A9+de+la+Nouvelle+Mairie+19+Rue+des+Foss%C3%A9s+Saint-Jacques%2C+75005;-2.31;+0.86 Google signale une clientèle de touristes · +1.11 positionné « romantique » — repas de destination · -2.89 fréquenté au petit-déjeuner — habitude de quartier · -0.29 dîners en solo — plutôt des habitués que des visiteurs · -2.00 fréquenté au déjeuner en semaine — clientèle de proximité · +0.90 les avis parlent de touristes;;
16;osm_n1134402727;Le Petit Café;6 Rue Descartes, 75005 Paris;https://www.google.com/maps/search/Le+Petit+Caf%C3%A9+6+Rue+Descartes%2C+75005+Paris;-2.27;+0.86 Google signale une clientèle de touristes · -2.89 fréquenté au petit-déjeuner — habitude de quartier · -0.29 dîners en solo — plutôt des habitués que des visiteurs · -0.25 vente à emporter · -0.50 café — on y revient · +1.00 les avis parlent de soupe à l'oignon · +0.60 les avis citent le Panthéon · -0.80 un avis parle du quartier;;
17;osm_n4040161904;Au Vieux Cèdre;187 Rue St Jacques, 75005 Paris;https://www.google.com/maps/search/Au+Vieux+C%C3%A8dre+187+Rue+St+Jacques%2C+75005+Paris;-2.27;+0.86 Google signale une clientèle de touristes · -0.29 dîners en solo — plutôt des habitués que des visiteurs · -0.49 ambiance calme · -1.30 fait de la livraison — on livre des riverains, pas des touristes · -0.25 vente à emporter · -0.80 un avis parle du quartier;;
18;osm_n5298105016;India StreEAT;105 Rue Monge, 75005 Paris;https://www.google.com/maps/search/India+StreEAT+105+Rue+Monge%2C+75005+Paris;-2.27;+0.86 Google signale une clientèle de touristes · -0.29 dîners en solo — plutôt des habitués que des visiteurs · -0.49 ambiance calme · -1.30 fait de la livraison — on livre des riverains, pas des touristes · -0.25 vente à emporter · -0.80 un avis parle du quartier;;
19;osm_n2646653506;Kokonor;206 Rue Saint-Jacques, 75005;https://www.google.com/maps/search/Kokonor+206+Rue+Saint-Jacques%2C+75005;-2.27;+0.86 Google signale une clientèle de touristes · -0.29 dîners en solo — plutôt des habitués que des visiteurs · -0.49 ambiance calme · -1.30 fait de la livraison — on livre des riverains, pas des touristes · -0.25 vente à emporter · -0.80 mis en avant pour la vente à emporter;;
20;osm_n6606414943;Phô Cardinal;18 Rue du Cardinal Lemoine, 75005 Paris;https://www.google.com/maps/search/Ph%C3%B4+Cardinal+18+Rue+du+Cardinal+Lemoine%2C+75005+Paris;-2.27;+0.86 Google signale une clientèle de touristes · -0.29 dîners en solo — plutôt des habitués que des visiteurs · -0.49 ambiance calme · -1.30 fait de la livraison — on livre des riverains, pas des touristes · -0.25 vente à emporter · -0.80 un avis parle du quartier;;
21;osm_n4677007192;Saveurs d'Asie;31 Place Maubert, 75005;https://www.google.com/maps/search/Saveurs+d%27Asie+31+Place+Maubert%2C+75005;-2.27;+0.86 Google signale une clientèle de touristes · -0.29 dîners en solo — plutôt des habitués que des visiteurs · -0.49 ambiance calme · -1.30 fait de la livraison — on livre des riverains, pas des touristes · -0.25 vente à emporter · -0.80 traiteur — clientèle qui repasse;;
22;osm_n10048944672;Wad Thaï;8 Rue Descartes, 75005 Paris;https://www.google.com/maps/search/Wad+Tha%C3%AF+8+Rue+Descartes%2C+75005+Paris;-2.27;+0.86 Google signale une clientèle de touristes · -0.29 dîners en solo — plutôt des habitués que des visiteurs · -0.49 ambiance calme · -1.30 fait de la livraison — on livre des riverains, pas des touristes · -0.25 vente à emporter · -0.80 un avis parle d'habitués;;
23;osm_n2788471696;Petit Gaston;3 Pl. de la Contrescarpe, 75005 Paris;https://www.google.com/maps/search/Petit+Gaston+3+Pl.+de+la+Contrescarpe%2C+75005+Paris;-2.06;+0.86 Google signale une clientèle de touristes · +0.90 accueille des groupes — cars et sorties organisées · -2.89 fréquenté au petit-déjeuner — habitude de quartier · -0.29 dîners en solo — plutôt des habitués que des visiteurs · -1.30 fait de la livraison — on livre des riverains, pas des touristes · -0.25 vente à emporter · +0.90 les avis parlent de touristes;;
24;osm_n1142802952;Seoul Mama;245 bis Rue Saint-Jacques, 75005;https://www.google.com/maps/search/Seoul+Mama+245+bis+Rue+Saint-Jacques%2C+75005;-2.06;+0.86 Google signale une clientèle de touristes · +0.90 accueille des groupes — cars et sorties organisées · -0.29 dîners en solo — plutôt des habitués que des visiteurs · -0.49 ambiance calme · -1.30 fait de la livraison — on livre des riverains, pas des touristes · -0.25 vente à emporter · -1.00 classé « à emporter » · -0.50 classé « familial »;;
25;osm_n10706926212;Xiu;48 Rue Monge, 75005 Paris;https://www.google.com/maps/search/Xiu+48+Rue+Monge%2C+75005+Paris;-1.98;+0.86 Google signale une clientèle de touristes · -0.29 dîners en solo — plutôt des habitués que des visiteurs · -1.30 fait de la livraison — on livre des riverains, pas des touristes · -0.25 vente à emporter · -1.00 classé « à emporter »;;
26;osm_n703430210;La Comedia;107 Rue Monge, 75005 Paris;https://www.google.com/maps/search/La+Comedia+107+Rue+Monge%2C+75005+Paris;-1.86;+0.86 Google signale une clientèle de touristes · +0.90 accueille des groupes — cars et sorties organisées · -0.29 dîners en solo — plutôt des habitués que des visiteurs · -0.49 ambiance calme · -1.30 fait de la livraison — on livre des riverains, pas des touristes · -0.25 vente à emporter · -0.50 classé « familial » · -0.80 un avis parle d'années de fidélité;;
27;osm_n2939352601;Le Petit Cardinal;29 Rue Monge, 75015 Paris;https://www.google.com/maps/search/Le+Petit+Cardinal+29+Rue+Monge%2C+75015+Paris;-1.86;+0.86 Google signale une clientèle de touristes · +0.90 accueille des groupes — cars et sorties organisées · -2.89 fréquenté au petit-déjeuner — habitude de quartier · -0.29 dîners en solo — plutôt des habitués que des visiteurs · -0.50 classé « familial » · -0.50 café — on y revient · +0.56 fréquentation surtout le week-end;;
28;osm_n10093658973;Gyoza Mura;5 Rue du Pot de Fer, 75005 Paris;https://www.google.com/maps/search/Gyoza+Mura+5+Rue+du+Pot+de+Fer%2C+75005+Paris;-1.84;-0.29 dîners en solo — plutôt des habitués que des visiteurs · -1.30 fait de la livraison — on livre des riverains, pas des touristes · -0.25 vente à emporter;;
29;osm_n9750553488;Xuehong;7 Rue des Ursulines, 75005 Paris;https://www.google.com/maps/search/Xuehong+7+Rue+des+Ursulines%2C+75005+Paris;-1.84;-0.29 dîners en solo — plutôt des habitués que des visiteurs · -1.30 fait de la livraison — on livre des riverains, pas des touristes · -0.25 vente à emporter;;
30;osm_n6554764280;Karavaki Au Jardin du Luxembourg;7 Rue Gay-Lussac, 75005 Paris;https://www.google.com/maps/search/Karavaki+Au+Jardin+du+Luxembourg+7+Rue+Gay-Lussac%2C+75005+Paris;-1.82;-0.29 dîners en solo — plutôt des habitués que des visiteurs · -0.49 ambiance calme · -0.25 vente à emporter · -0.80 traiteur — clientèle qui repasse;;
31;osm_n2386622236;Le Procope;13 Rue de l'Ancienne Comédie, 75006 Paris;https://www.google.com/maps/search/Le+Procope+13+Rue+de+l%27Ancienne+Com%C3%A9die%2C+75006+Paris;-1.80;-0.50 classé « familial » · -0.50 café — on y revient · -0.80 un avis anglophone parle d'habitués;;
32;osm_n1696042960;Toscanino;4 Rue Mouffetard, 75005 Paris;https://www.google.com/maps/search/Toscanino+4+Rue+Mouffetard%2C+75005+Paris;-1.78;+0.86 Google signale une clientèle de touristes · -0.29 dîners en solo — plutôt des habitués que des visiteurs · -1.30 fait de la livraison — on livre des riverains, pas des touristes · -0.25 vente à emporter · -0.80 un avis parle d'habitués;;
33;osm_n1145811945;Amore e Gusto;47 Rue Descartes, 75005 Paris;https://www.google.com/maps/search/Amore+e+Gusto+47+Rue+Descartes%2C+75005+Paris;-1.75;-1.30 fait de la livraison — on livre des riverains, pas des touristes · -0.25 vente à emporter · -0.80 pizzas à emporter · +0.60 les avis citent le Panthéon;;
34;osm_n2575207519;Pan Asie;13 Rue Saint-Séverin, 75005 Paris;https://www.google.com/maps/search/Pan+Asie+13+Rue+Saint-S%C3%A9verin%2C+75005+Paris;-1.68;+0.86 Google signale une clientèle de touristes · +0.90 accueille des groupes — cars et sorties organisées · -0.29 dîners en solo — plutôt des habitués que des visiteurs · -1.30 fait de la livraison — on livre des riverains, pas des touristes · -0.25 vente à emporter · -0.80 mis en avant pour la vente à emporter · -0.80 un avis parle d'années de fidélité;;
35;osm_n1696042961;Le Cèdre;6 Rue Mouffetard, 75005 Paris;https://www.google.com/maps/search/Le+C%C3%A8dre+6+Rue+Mouffetard%2C+75005+Paris;-1.60;-0.80 traiteur — clientèle qui repasse · -0.80 mis en avant pour la vente à emporter;;
36;osm_n2298160184;Veganil;39 Rue Jussieu, 75005 Paris;https://www.google.com/maps/search/Veganil+39+Rue+Jussieu%2C+75005+Paris;-1.60;-0.80 traiteur — clientèle qui repasse · -0.80 un avis anglophone parle d'habitués;;
37;osm_n3457454893;Kehribar;1 Rue des Fossés Saint-Jacques, 75005 Paris;https://www.google.com/maps/search/Kehribar+1+Rue+des+Foss%C3%A9s+Saint-Jacques%2C+75005+Paris;-1.60;+0.86 Google signale une clientèle de touristes · +0.90 accueille des groupes — cars et sorties organisées · -0.29 dîners en solo — plutôt des habitués que des visiteurs · -1.30 fait de la livraison — on livre des riverains, pas des touristes · -0.25 vente à emporter · -0.80 traiteur — clientèle qui repasse · -0.50 classé « familial » · -0.22 fréquentation également répartie semaine / week-end;;
38;osm_n2930568596;Girasole;5bis Rue Linné, 75005 Paris;https://www.google.com/maps/search/Girasole+5bis+Rue+Linn%C3%A9%2C+75005+Paris;-1.55;-1.30 fait de la livraison — on livre des riverains, pas des touristes · -0.25 vente à emporter;;
39;osm_n5225343321;Hanami Ramen;4 Rue des Fossés Saint-Jacques, 75005;https://www.google.com/maps/search/Hanami+Ramen+4+Rue+des+Foss%C3%A9s+Saint-Jacques%2C+75005;-1.55;-1.30 fait de la livraison — on livre des riverains, pas des touristes · -0.25 vente à emporter;;
40;osm_n703122402;Le Foyer Vietnam;80 Rue Monge, 75005 Paris;https://www.google.com/maps/search/Le+Foyer+Vietnam+80+Rue+Monge%2C+75005+Paris;-1.55;-1.30 fait de la livraison — on livre des riverains, pas des touristes · -0.25 vente à emporter;;
41;osm_n1696042962;Oi Sushi;7 Rue Mouffetard, 75005 Paris;https://www.google.com/maps/search/Oi+Sushi+7+Rue+Mouffetard%2C+75005+Paris;-1.55;-1.30 fait de la livraison — on livre des riverains, pas des touristes · -0.25 vente à emporter;;
42;osm_n8679340685;Poké Gourmand;184 Rue Saint-Jacques, 75005;https://www.google.com/maps/search/Pok%C3%A9+Gourmand+184+Rue+Saint-Jacques%2C+75005;-1.55;-1.30 fait de la livraison — on livre des riverains, pas des touristes · -0.25 vente à emporter;;
43;osm_n9675535336;Asia Room;16 Rue des Écoles, 75005 Paris;https://www.google.com/maps/search/Asia+Room+16+Rue+des+%C3%89coles%2C+75005+Paris;-1.47;+0.86 Google signale une clientèle de touristes · -0.29 dîners en solo — plutôt des habitués que des visiteurs · -0.49 ambiance calme · -1.30 fait de la livraison — on livre des riverains, pas des touristes · -0.25 vente à emporter;;
44;osm_n6034964198;Bar à Iode - Saint-Germaine;34 Bd Saint-Germain, 75005 Paris;https://www.google.com/maps/search/Bar+%C3%A0+Iode+-+Saint-Germaine+34+Bd+Saint-Germain%2C+75005+Paris;-1.47;+0.86 Google signale une clientèle de touristes · -0.29 dîners en solo — plutôt des habitués que des visiteurs · -0.49 ambiance calme · -1.30 fait de la livraison — on livre des riverains, pas des touristes · -0.25 vente à emporter;;
45;osm_n3864583361;Eleni;24 Rue Monge, 75005 Paris;https://www.google.com/maps/search/Eleni+24+Rue+Monge%2C+75005+Paris;-1.47;+0.86 Google signale une clientèle de touristes · -0.29 dîners en solo — plutôt des habitués que des visiteurs · -0.49 ambiance calme · -1.30 fait de la livraison — on livre des riverains, pas des touristes · -0.25 vente à emporter;;
46;osm_n6390367455;Fouxing;51 Rue des Écoles, 75005 Paris;https://www.google.com/maps/search/Fouxing+51+Rue+des+%C3%89coles%2C+75005+Paris;-1.47;+0.86 Google signale une clientèle de touristes · -0.29 dîners en solo — plutôt des habitués que des visiteurs · -0.49 ambiance calme · -1.30 fait de la livraison — on livre des riverains, pas des touristes · -0.25 vente à emporter;;
47;osm_n251474109;Kusksi Original Couscous;12 Rue Thouin, 75005 Paris;https://www.google.com/maps/search/Kusksi+Original+Couscous+12+Rue+Thouin%2C+75005+Paris;-1.47;+0.86 Google signale une clientèle de touristes · -0.29 dîners en solo — plutôt des habitués que des visiteurs · -0.49 ambiance calme · -1.30 fait de la livraison — on livre des riverains, pas des touristes · -0.25 vente à emporter;;
48;osm_n3359213890;Messieurs Kim;42 Rue du Cardinal Lemoine, 75005 Paris;https://www.google.com/maps/search/Messieurs+Kim+42+Rue+du+Cardinal+Lemoine%2C+75005+Paris;-1.47;+0.86 Google signale une clientèle de touristes · -0.29 dîners en solo — plutôt des habitués que des visiteurs · -0.49 ambiance calme · -1.30 fait de la livraison — on livre des riverains, pas des touristes · -0.25 vente à emporter;;
49;osm_n9993744296;Petit Saïgon;30 Rue des Carmes, 75005 Paris;https://www.google.com/maps/search/Petit+Sa%C3%AFgon+30+Rue+des+Carmes%2C+75005+Paris;-1.47;+0.86 Google signale une clientèle de touristes · -0.29 dîners en solo — plutôt des habitués que des visiteurs · -0.49 ambiance calme · -1.30 fait de la livraison — on livre des riverains, pas des touristes · -0.25 vente à emporter;;
50;osm_n4040161903;Pizzeria Luciana;187 Rue St Jacques, 75005 Paris;https://www.google.com/maps/search/Pizzeria+Luciana+187+Rue+St+Jacques%2C+75005+Paris;-1.47;+0.86 Google signale une clientèle de touristes · -0.29 dîners en solo — plutôt des habitués que des visiteurs · -0.49 ambiance calme · -1.30 fait de la livraison — on livre des riverains, pas des touristes · -0.25 vente à emporter;;
51;osm_n3085086586;Ladelice Sushi;1 Rue Saint-Jacques, 75005 Paris;https://www.google.com/maps/search/Ladelice+Sushi+1+Rue+Saint-Jacques%2C+75005+Paris;-1.46;+0.86 Google signale une clientèle de touristes · -0.29 dîners en solo — plutôt des habitués que des visiteurs · -0.49 ambiance calme · -1.30 fait de la livraison — on livre des riverains, pas des touristes · -0.25 vente à emporter · +0.00 fréquentation également répartie semaine / week-end;;
52;osm_n3296495381;Tashi-Delek;4 Rue des Fossés Saint-Jacques, 75005 Paris;https://www.google.com/maps/search/Tashi-Delek+4+Rue+des+Foss%C3%A9s+Saint-Jacques%2C+75005+Paris;-1.42;+0.86 Google signale une clientèle de touristes · -0.29 dîners en solo — plutôt des habitués que des visiteurs · -0.49 ambiance calme · -1.30 fait de la livraison — on livre des riverains, pas des touristes · +0.60 les avis citent le Panthéon · -0.80 un avis parle d'années de fidélité;;
53;osm_n4820656421;Le Village Monge;96 Rue Monge;https://www.google.com/maps/search/Le+Village+Monge+96+Rue+Monge;-1.42;+0.86 Google signale une clientèle de touristes · +0.90 accueille des groupes — cars et sorties organisées · -2.89 fréquenté au petit-déjeuner — habitude de quartier · -0.29 dîners en solo — plutôt des habitués que des visiteurs · -0.49 ambiance calme · +0.48 fréquentation également répartie semaine / week-end;;
54;osm_n5129121007;Yokorama;58 Rue Monsieur le Prince, 75006 Paris;https://www.google.com/maps/search/Yokorama+58+Rue+Monsieur+le+Prince%2C+75006+Paris;-1.40;+0.86 Google signale une clientèle de touristes · +0.90 accueille des groupes — cars et sorties organisées · -0.29 dîners en solo — plutôt des habitués que des visiteurs · -0.49 ambiance calme · -1.30 fait de la livraison — on livre des riverains, pas des touristes · -0.25 vente à emporter · -0.04 fréquentation également répartie semaine / week-end · -0.80 un avis parle du quartier;;
55;osm_n310363590;Café Jussieu;24 Rue Linné, 75005 Paris;https://www.google.com/maps/search/Caf%C3%A9+Jussieu+24+Rue+Linn%C3%A9%2C+75005+Paris;-1.39;+0.86 Google signale une clientèle de touristes · +0.90 accueille des groupes — cars et sorties organisées · -2.89 fréquenté au petit-déjeuner — habitude de quartier · -0.29 dîners en solo — plutôt des habitués que des visiteurs · -0.50 café — on y revient · +0.53 fréquentation surtout le week-end;;
56;osm_n1813684597;Les Arènes;16 Rue Linné, 75005 Paris;https://www.google.com/maps/search/Les+Ar%C3%A8nes+16+Rue+Linn%C3%A9%2C+75005+Paris;-1.38;+0.86 Google signale une clientèle de touristes · +0.90 accueille des groupes — cars et sorties organisées · -0.29 dîners en solo — plutôt des habitués que des visiteurs · -1.30 fait de la livraison — on livre des riverains, pas des touristes · -0.25 vente à emporter · -0.50 café — on y revient · -0.80 un avis parle du quartier;;
57;osm_n9749808820;I Diavoletti;73 Rue Claude Bernard, 75005 Paris;https://www.google.com/maps/search/I+Diavoletti+73+Rue+Claude+Bernard%2C+75005+Paris;-1.36;+0.86 Google signale une clientèle de touristes · +0.90 accueille des groupes — cars et sorties organisées · -0.29 dîners en solo — plutôt des habitués que des visiteurs · -0.49 ambiance calme · -1.30 fait de la livraison — on livre des riverains, pas des touristes · -0.25 vente à emporter · -0.80 un avis parle du quartier;;
58;osm_n2939301201;La Rose de Damas;6 Bd Saint-Germain, 75005 Paris;https://www.google.com/maps/search/La+Rose+de+Damas+6+Bd+Saint-Germain%2C+75005+Paris;-1.36;+0.86 Google signale une clientèle de touristes · +0.90 accueille des groupes — cars et sorties organisées · -0.29 dîners en solo — plutôt des habitués que des visiteurs · -0.49 ambiance calme · -1.30 fait de la livraison — on livre des riverains, pas des touristes · -0.25 vente à emporter · -0.80 traiteur — clientèle qui repasse;;
59;osm_n9851839910;New Aqib;47 Rue Monsieur le Prince, 75006 Paris;https://www.google.com/maps/search/New+Aqib+47+Rue+Monsieur+le+Prince%2C+75006+Paris;-1.36;+0.86 Google signale une clientèle de touristes · +0.90 accueille des groupes — cars et sorties organisées · -0.29 dîners en solo — plutôt des habitués que des visiteurs · -0.49 ambiance calme · -1.30 fait de la livraison — on livre des riverains, pas des touristes · -0.25 vente à emporter · -0.80 un avis parle du quartier;;
60;osm_n3878917072;Pirosmani;6 Rue Boutebrie, 75005 Paris;https://www.google.com/maps/search/Pirosmani+6+Rue+Boutebrie%2C+75005+Paris;-1.36;+0.86 Google signale une clientèle de touristes · +0.90 accueille des groupes — cars et sorties organisées · -0.29 dîners en solo — plutôt des habitués que des visiteurs · -0.49 ambiance calme · -1.30 fait de la livraison — on livre des riverains, pas des touristes · -0.25 vente à emporter · -0.80 un avis parle d'habitués;;
61;osm_n5129121010;Sushiyaki;50 Rue Monsieur le Prince, 75006 Paris;https://www.google.com/maps/search/Sushiyaki+50+Rue+Monsieur+le+Prince%2C+75006+Paris;-1.36;+0.86 Google signale une clientèle de touristes · +0.90 accueille des groupes — cars et sorties organisées · -0.29 dîners en solo — plutôt des habitués que des visiteurs · -0.49 ambiance calme · -1.30 fait de la livraison — on livre des riverains, pas des touristes · -0.25 vente à emporter · -0.80 un avis parle d'habitués;;
62;osm_n3296495382;Mano Nera;17 Rue des Fossés Saint-Jacques, 75005 Paris;https://www.google.com/maps/search/Mano+Nera+17+Rue+des+Foss%C3%A9s+Saint-Jacques%2C+75005+Paris;-1.34;-0.29 dîners en solo — plutôt des habitués que des visiteurs · -0.25 vente à emporter · -0.80 un avis anglophone parle d'habitués;;
63;osm_n1142802917;L'Orée du Parc;9 Rue de l'Abbé de l'Épée, 75005 Paris;https://www.google.com/maps/search/L%27Or%C3%A9e+du+Parc+9+Rue+de+l%27Abb%C3%A9+de+l%27%C3%89p%C3%A9e%2C+75005+Paris;-1.30;-0.50 café — on y revient · -0.80 un avis parle d'habitués;;
64;osm_n4745031123;Sucrepice;5 Rue d'Arras, 75005 Paris;https://www.google.com/maps/search/Sucrepice+5+Rue+d%27Arras%2C+75005+Paris;-1.28;+0.86 Google signale une clientèle de touristes · -0.29 dîners en solo — plutôt des habitués que des visiteurs · -1.30 fait de la livraison — on livre des riverains, pas des touristes · -0.25 vente à emporter · +0.50 fréquentation également répartie semaine / week-end · -0.80 un avis parle d'habitués;;
65;osm_n8630834017;Ya Bayté by Hébé;1 Rue des Grands Degrés, 75005 Paris;https://www.google.com/maps/search/Ya+Bayt%C3%A9+by+H%C3%A9b%C3%A9+1+Rue+des+Grands+Degr%C3%A9s%2C+75005+Paris;-1.27;+0.86 Google signale une clientèle de touristes · -0.29 dîners en solo — plutôt des habitués que des visiteurs · -0.49 ambiance calme · -1.30 fait de la livraison — on livre des riverains, pas des touristes · -0.25 vente à emporter · +1.00 les avis citent Notre-Dame · -0.80 un avis parle du quartier;;
66;osm_n5298105683;Roger de Beyrouth;103 Rue Monge, 75005 Paris;https://www.google.com/maps/search/Roger+de+Beyrouth+103+Rue+Monge%2C+75005+Paris;-1.18;+0.86 Google signale une clientèle de touristes · -0.29 dîners en solo — plutôt des habitués que des visiteurs · -0.49 ambiance calme · -1.30 fait de la livraison — on livre des riverains, pas des touristes · -0.25 vente à emporter · +0.28 fréquentation également répartie semaine / week-end;;
67;osm_n5866451188;Safran;13 Rue de la Harpe, 75005 Paris;https://www.google.com/maps/search/Safran+13+Rue+de+la+Harpe%2C+75005+Paris;-1.15;-1.30 fait de la livraison — on livre des riverains, pas des touristes · -0.25 vente à emporter · -0.50 classé « familial » · +0.90 les avis parlent de touristes;;
68;osm_n3476340993;Sumo;7 Rue du Sommerard;https://www.google.com/maps/search/Sumo+7+Rue+du+Sommerard;-1.08;+0.86 Google signale une clientèle de touristes · +0.90 accueille des groupes — cars et sorties organisées · -0.29 dîners en solo — plutôt des habitués que des visiteurs · -1.30 fait de la livraison — on livre des riverains, pas des touristes · -0.25 vente à emporter · -1.00 classé « à emporter »;;
69;osm_n9578129868;Vita Nuova;17 Rue du Val de Grâce, 75005 Paris;https://www.google.com/maps/search/Vita+Nuova+17+Rue+du+Val+de+Gr%C3%A2ce%2C+75005+Paris;-1.05;+0.86 Google signale une clientèle de touristes · -0.29 dîners en solo — plutôt des habitués que des visiteurs · -1.30 fait de la livraison — on livre des riverains, pas des touristes · -0.25 vente à emporter · -0.07 fréquentation également répartie semaine / week-end;;
70;osm_n4811002521;Pavane;22 Rue de Vaugirard, 75006 Paris;https://www.google.com/maps/search/Pavane+22+Rue+de+Vaugirard%2C+75006+Paris;-1.05;-0.25 vente à emporter · -0.80 un avis parle d'années de fidélité;;
71;osm_n9851839913;Je Ju;26 Rue Monsieur le Prince, 75006 Paris;https://www.google.com/maps/search/Je+Ju+26+Rue+Monsieur+le+Prince%2C+75006+Paris;;pas assez d'indices — a juger a la main;;
72;osm_n9741157570;Bistrot Vin Sobre;25 Rue des Feuillantines, 75005 Paris;https://www.google.com/maps/search/Bistrot+Vin+Sobre+25+Rue+des+Feuillantines%2C+75005+Paris;-0.98;+0.86 Google signale une clientèle de touristes · -0.29 dîners en solo — plutôt des habitués que des visiteurs · -1.30 fait de la livraison — on livre des riverains, pas des touristes · -0.25 vente à emporter;;
73;osm_n4447321490;Bonjour Viêt Nam;6 Rue Thouin, 75005 Paris;https://www.google.com/maps/search/Bonjour+Vi%C3%AAt+Nam+6+Rue+Thouin%2C+75005+Paris;-0.98;+0.86 Google signale une clientèle de touristes · -0.29 dîners en solo — plutôt des habitués que des visiteurs · -1.30 fait de la livraison — on livre des riverains, pas des touristes · -0.25 vente à emporter;;
74;osm_n9415703453;Butumak;4 Rue Linné, 75005 Paris;https://www.google.com/maps/search/Butumak+4+Rue+Linn%C3%A9%2C+75005+Paris;-0.98;+0.86 Google signale une clientèle de touristes · -0.29 dîners en solo — plutôt des habitués que des visiteurs · -1.30 fait de la livraison — on livre des riverains, pas des touristes · -0.25 vente à emporter;;
75;osm_n10125185432;Chongqing Hot Pot Noodle;26 Rue de la Montagne Ste Geneviève, 75005 Paris;https://www.google.com/maps/search/Chongqing+Hot+Pot+Noodle+26+Rue+de+la+Montagne+Ste+Genevi%C3%A8ve%2C+75005+Paris;-0.98;+0.86 Google signale une clientèle de touristes · -0.29 dîners en solo — plutôt des habitués que des visiteurs · -1.30 fait de la livraison — on livre des riverains, pas des touristes · -0.25 vente à emporter;;
76;osm_n9905753633;Homer;15 Rue de l'Ancienne Comédie, 75006 Paris;https://www.google.com/maps/search/Homer+15+Rue+de+l%27Ancienne+Com%C3%A9die%2C+75006+Paris;-0.98;+0.86 Google signale une clientèle de touristes · -0.29 dîners en solo — plutôt des habitués que des visiteurs · -1.30 fait de la livraison — on livre des riverains, pas des touristes · -0.25 vente à emporter;;
77;osm_n5949850474;Le Petit Cluny;32 Rue de la Harpe;https://www.google.com/maps/search/Le+Petit+Cluny+32+Rue+de+la+Harpe;-0.97;+0.90 accueille des groupes — cars et sorties organisées · -2.89 fréquenté au petit-déjeuner — habitude de quartier · -0.29 dîners en solo — plutôt des habitués que des visiteurs · +0.30 fréquentation également répartie semaine / week-end · +1.00 les avis parlent de soupe à l'oignon;;
78;osm_n4154116899;Chieng Mai;12 Rue Frédéric Sauton, 75005 Paris;https://www.google.com/maps/search/Chieng+Mai+12+Rue+Fr%C3%A9d%C3%A9ric+Sauton%2C+75005+Paris;-0.96;+0.86 Google signale une clientèle de touristes · -0.29 dîners en solo — plutôt des habitués que des visiteurs · -0.49 ambiance calme · -0.25 vente à emporter · -0.80 un avis parle d'années de fidélité;;
79;osm_n9146864043;Hon Ki;18 Rue de la Bûcherie, 75005 Paris;https://www.google.com/maps/search/Hon+Ki+18+Rue+de+la+B%C3%BBcherie%2C+75005+Paris;-0.96;+0.86 Google signale une clientèle de touristes · -0.29 dîners en solo — plutôt des habitués que des visiteurs · -0.49 ambiance calme · -0.25 vente à emporter · -0.80 un avis parle du quartier;;
80;osm_n9949549847;Raviolis de Notre-Dame;16 Rue Xavier Privas;https://www.google.com/maps/search/Raviolis+de+Notre-Dame+16+Rue+Xavier+Privas;-0.96;-0.29 dîners en solo — plutôt des habitués que des visiteurs · -1.30 fait de la livraison — on livre des riverains, pas des touristes · -0.25 vente à emporter · +0.88 fréquentation surtout le week-end;;
81;osm_n10125185431;Sushirama;30 Rue de la Montagne Ste Geneviève, 75005 Paris;https://www.google.com/maps/search/Sushirama+30+Rue+de+la+Montagne+Ste+Genevi%C3%A8ve%2C+75005+Paris;-0.92;+0.90 accueille des groupes — cars et sorties organisées · -0.29 dîners en solo — plutôt des habitués que des visiteurs · -0.49 ambiance calme · -0.25 vente à emporter · -0.80 un avis parle d'habitués;;
82;osm_n1684658954;Van April;3, 75005 Paris;https://www.google.com/maps/search/Van+April+3%2C+75005+Paris;-0.91;+0.90 accueille des groupes — cars et sorties organisées · -0.29 dîners en solo — plutôt des habitués que des visiteurs · -1.30 fait de la livraison — on livre des riverains, pas des touristes · -0.25 vente à emporter · +0.02 fréquentation également répartie semaine / week-end;;
83;osm_n9856963241;Chez le Libanais;35 Rue Saint-André des Arts, 75006 Paris;https://www.google.com/maps/search/Chez+le+Libanais+35+Rue+Saint-Andr%C3%A9+des+Arts%2C+75006+Paris;-0.88;+0.86 Google signale une clientèle de touristes · -0.29 dîners en solo — plutôt des habitués que des visiteurs · -1.30 fait de la livraison — on livre des riverains, pas des touristes · -0.25 vente à emporter · -0.80 mis en avant pour la vente à emporter · +0.90 les avis parlent de touristes;;
84;osm_n3416083618;Amore Mio;13 Rue Linné, 75005 Paris;https://www.google.com/maps/search/Amore+Mio+13+Rue+Linn%C3%A9%2C+75005+Paris;-0.88;+0.86 Google signale une clientèle de touristes · +0.90 accueille des groupes — cars et sorties organisées · -0.29 dîners en solo — plutôt des habitués que des visiteurs · -1.30 fait de la livraison — on livre des riverains, pas des touristes · -0.25 vente à emporter · -0.80 pizzas à emporter;;
85;osm_n4040161900;Panda Wok 01;208 Rue St Jacques, 75005 Paris;https://www.google.com/maps/search/Panda+Wok+01+208+Rue+St+Jacques%2C+75005+Paris;-0.88;+0.86 Google signale une clientèle de touristes · +0.90 accueille des groupes — cars et sorties organisées · -0.29 dîners en solo — plutôt des habitués que des visiteurs · -1.30 fait de la livraison — on livre des riverains, pas des touristes · -0.25 vente à emporter · -0.80 un avis parle d'habitués;;
86;osm_n6972324503;Pasta & Fagioli;82 Rue Claude Bernard, 75005 Paris;https://www.google.com/maps/search/Pasta+%26+Fagioli+82+Rue+Claude+Bernard%2C+75005+Paris;-0.88;+0.86 Google signale une clientèle de touristes · +0.90 accueille des groupes — cars et sorties organisées · -0.29 dîners en solo — plutôt des habitués que des visiteurs · -1.30 fait de la livraison — on livre des riverains, pas des touristes · -0.25 vente à emporter · -0.80 mis en avant pour la vente à emporter;;
87;osm_n9755920523;Sashimi Bar;4 Rue des Fossés Saint-Jacques, 75005 Paris;https://www.google.com/maps/search/Sashimi+Bar+4+Rue+des+Foss%C3%A9s+Saint-Jacques%2C+75005+Paris;-0.83;-0.25 vente à emporter · -0.59 fréquenté au déjeuner en semaine — clientèle de proximité;;
88;osm_n2494246968;Tripletta;2 Rue de l'Arbalète, 75005 Paris;https://www.google.com/maps/search/Tripletta+2+Rue+de+l%27Arbal%C3%A8te%2C+75005+Paris;-0.83;+0.86 Google signale une clientèle de touristes · +0.90 accueille des groupes — cars et sorties organisées · -0.29 dîners en solo — plutôt des habitués que des visiteurs · -0.49 ambiance calme · -1.30 fait de la livraison — on livre des riverains, pas des touristes · -0.25 vente à emporter · +0.53 fréquentation surtout le week-end · -0.80 un avis parle du quartier;;
89;osm_n5949850472;Pizza Sarno;31 Rue de la Harpe;https://www.google.com/maps/search/Pizza+Sarno+31+Rue+de+la+Harpe;-0.81;+0.86 Google signale une clientèle de touristes · +0.90 accueille des groupes — cars et sorties organisées · -0.29 dîners en solo — plutôt des habitués que des visiteurs · -0.49 ambiance calme · -1.30 fait de la livraison — on livre des riverains, pas des touristes · -0.25 vente à emporter · -1.00 classé « à emporter » · -0.50 classé « familial » · +0.35 fréquentation également répartie semaine / week-end · +0.90 les avis parlent de touristes;;
90;osm_n11016686147;Atelier d'André;36 Rue Saint-André des Arts, 75006 Paris;https://www.google.com/maps/search/Atelier+d%27Andr%C3%A9+36+Rue+Saint-Andr%C3%A9+des+Arts%2C+75006+Paris;;pas assez d'indices — a juger a la main;;
91;osm_n4447481638;Kokoro;36 Rue des Boulangers, 75005 Paris;https://www.google.com/maps/search/Kokoro+36+Rue+des+Boulangers%2C+75005+Paris;;pas assez d'indices — a juger a la main;;
92;osm_n4463108492;La Pizza;318 Rue St Jacques, 75005 Paris;https://www.google.com/maps/search/La+Pizza+318+Rue+St+Jacques%2C+75005+Paris;;pas assez d'indices — a juger a la main;;
93;osm_n2939315101;Le Relais Fac;13 Bd Saint-Germain, 75005 Paris;https://www.google.com/maps/search/Le+Relais+Fac+13+Bd+Saint-Germain%2C+75005+Paris;;pas assez d'indices — a juger a la main;;
94;osm_n2861754447;Lilane;8 Rue Gracieuse, 75005 Paris;https://www.google.com/maps/search/Lilane+8+Rue+Gracieuse%2C+75005+Paris;;pas assez d'indices — a juger a la main;;
95;osm_n3621462893;Taboulé;5 Rue Gay-Lussac, 75005 Paris;https://www.google.com/maps/search/Taboul%C3%A9+5+Rue+Gay-Lussac%2C+75005+Paris;;pas assez d'indices — a juger a la main;;
96;osm_n1930542230;La Parenthèse Latine;65 Bd Saint-Germain, 75005 Paris;https://www.google.com/maps/search/La+Parenth%C3%A8se+Latine+65+Bd+Saint-Germain%2C+75005+Paris;-0.80;-0.29 dîners en solo — plutôt des habitués que des visiteurs · -0.25 vente à emporter · +0.54 fréquentation surtout le week-end · -0.80 un avis parle du quartier;;
97;osm_n1194033471;Tokyotori;18 Rue Monsieur le Prince, 75006 Paris;https://www.google.com/maps/search/Tokyotori+18+Rue+Monsieur+le+Prince%2C+75006+Paris;-0.76;+0.86 Google signale une clientèle de touristes · +0.90 accueille des groupes — cars et sorties organisées · -0.29 dîners en solo — plutôt des habitués que des visiteurs · -0.49 ambiance calme · -1.30 fait de la livraison — on livre des riverains, pas des touristes · -0.25 vente à emporter · -0.20 fréquentation également répartie semaine / week-end;;
98;osm_n2545292617;La Petite Bouclerie;33 Rue de la Harpe;https://www.google.com/maps/search/La+Petite+Bouclerie+33+Rue+de+la+Harpe;-0.73;+0.86 Google signale une clientèle de touristes · -2.89 fréquenté au petit-déjeuner — habitude de quartier · -0.29 dîners en solo — plutôt des habitués que des visiteurs · -0.49 ambiance calme · -0.25 vente à emporter · +0.32 fréquentation également répartie semaine / week-end · +1.00 les avis parlent de soupe à l'oignon · +1.00 les avis citent Notre-Dame;;
99;osm_n1750435701;Les Patios;5 Pl. de la Sorbonne, 75005 Paris;https://www.google.com/maps/search/Les+Patios+5+Pl.+de+la+Sorbonne%2C+75005+Paris;-0.66;+0.86 Google signale une clientèle de touristes · +0.90 accueille des groupes — cars et sorties organisées · -2.89 fréquenté au petit-déjeuner — habitude de quartier · -0.29 dîners en solo — plutôt des habitués que des visiteurs · -0.25 vente à emporter · +1.00 vendu pour la vue;;
100;osm_n5499480121;Chez Suzette;12 Rue de la Harpe, 75005 Paris;https://www.google.com/maps/search/Chez+Suzette+12+Rue+de+la+Harpe%2C+75005+Paris;-0.64;+0.86 Google signale une clientèle de touristes · -2.89 fréquenté au petit-déjeuner — habitude de quartier · -0.29 dîners en solo — plutôt des habitués que des visiteurs · -0.25 vente à emporter · -0.50 café — on y revient · +0.52 fréquentation surtout le week-end · +1.00 les avis citent Notre-Dame · +0.90 les avis parlent de touristes;;
101;osm_n4454044490;Relais Odéon;132 Bd Saint-Germain, 75006 Paris;https://www.google.com/maps/search/Relais+Od%C3%A9on+132+Bd+Saint-Germain%2C+75006+Paris;-0.63;+0.86 Google signale une clientèle de touristes · +0.90 accueille des groupes — cars et sorties organisées · -2.89 fréquenté au petit-déjeuner — habitude de quartier · -0.29 dîners en solo — plutôt des habitués que des visiteurs · -0.49 ambiance calme · -0.50 café — on y revient · +0.87 fréquentation surtout le week-end · +0.90 les avis parlent de touristes;;
102;osm_n323061031;Le Bluff;267 Rue St Jacques, 75005 Paris;https://www.google.com/maps/search/Le+Bluff+267+Rue+St+Jacques%2C+75005+Paris;-0.57;-0.25 vente à emporter · -0.33 fréquentation également répartie semaine / week-end;;
103;osm_n9493817635;Otiamo;32 Rue de Bièvre, 75005 Paris;https://www.google.com/maps/search/Otiamo+32+Rue+de+Bi%C3%A8vre%2C+75005+Paris;-0.57;+0.86 Google signale une clientèle de touristes · +0.90 accueille des groupes — cars et sorties organisées · +1.11 positionné « romantique » — repas de destination · -0.29 dîners en solo — plutôt des habitués que des visiteurs · -0.49 ambiance calme · -1.30 fait de la livraison — on livre des riverains, pas des touristes · -0.25 vente à emporter · -0.80 pizzas à emporter · -0.50 café — on y revient · +0.17 fréquentation également répartie semaine / week-end;;
104;osm_n1145667767;Maison Perchée;58 Rue Mouffetard;https://www.google.com/maps/search/Maison+Perch%C3%A9e+58+Rue+Mouffetard;-0.56;+0.86 Google signale une clientèle de touristes · +1.11 positionné « romantique » — repas de destination · -2.89 fréquenté au petit-déjeuner — habitude de quartier · -0.29 dîners en solo — plutôt des habitués que des visiteurs · -0.49 ambiance calme · -0.50 café — on y revient · +0.83 fréquentation surtout le week-end · +0.80 les avis parlent de crème brûlée;;
105;osm_n13100711044;Arya Bhavan;25 Rue Galande, 75005 Paris;https://www.google.com/maps/search/Arya+Bhavan+25+Rue+Galande%2C+75005+Paris;-0.56;+0.86 Google signale une clientèle de touristes · +0.90 accueille des groupes — cars et sorties organisées · -0.29 dîners en solo — plutôt des habitués que des visiteurs · -0.49 ambiance calme · -1.30 fait de la livraison — on livre des riverains, pas des touristes · -0.25 vente à emporter;;
106;osm_n3239933755;Au grand bol;61 Rue Monsieur le Prince, 75006 Paris;https://www.google.com/maps/search/Au+grand+bol+61+Rue+Monsieur+le+Prince%2C+75006+Paris;-0.56;+0.86 Google signale une clientèle de touristes · +0.90 accueille des groupes — cars et sorties organisées · -0.29 dîners en solo — plutôt des habitués que des visiteurs · -0.49 ambiance calme · -1.30 fait de la livraison — on livre des riverains, pas des touristes · -0.25 vente à emporter;;
107;osm_n4326240262;Chez Hamadi;12 Rue Boutebrie, 75005 Paris;https://www.google.com/maps/search/Chez+Hamadi+12+Rue+Boutebrie%2C+75005+Paris;-0.56;+0.86 Google signale une clientèle de touristes · +0.90 accueille des groupes — cars et sorties organisées · -0.29 dîners en solo — plutôt des habitués que des visiteurs · -0.49 ambiance calme · -1.30 fait de la livraison — on livre des riverains, pas des touristes · -0.25 vente à emporter;;
108;osm_n6097031659;L'Isolotto;25 Rue Saint-André des Arts, 75006 Paris;https://www.google.com/maps/search/L%27Isolotto+25+Rue+Saint-Andr%C3%A9+des+Arts%2C+75006+Paris;-0.56;+0.86 Google signale une clientèle de touristes · +0.90 accueille des groupes — cars et sorties organisées · -0.29 dîners en solo — plutôt des habitués que des visiteurs · -0.49 ambiance calme · -1.30 fait de la livraison — on livre des riverains, pas des touristes · -0.25 vente à emporter;;
109;osm_n6395856785;Les Saveurs d'Abyssinie;1 Rue de l'Arbalète, 75005 Paris;https://www.google.com/maps/search/Les+Saveurs+d%27Abyssinie+1+Rue+de+l%27Arbal%C3%A8te%2C+75005+Paris;-0.56;+0.86 Google signale une clientèle de touristes · +0.90 accueille des groupes — cars et sorties organisées · -0.29 dîners en solo — plutôt des habitués que des visiteurs · -0.49 ambiance calme · -1.30 fait de la livraison — on livre des riverains, pas des touristes · -0.25 vente à emporter;;
110;osm_n4040156223;Sabraj;175 Rue St Jacques, 75005 Paris;https://www.google.com/maps/search/Sabraj+175+Rue+St+Jacques%2C+75005+Paris;-0.56;+0.86 Google signale une clientèle de touristes · +0.90 accueille des groupes — cars et sorties organisées · -0.29 dîners en solo — plutôt des habitués que des visiteurs · -0.49 ambiance calme · -1.30 fait de la livraison — on livre des riverains, pas des touristes · -0.25 vente à emporter;;
111;osm_n6188270337;Toranj;1 Pl. Alphonse Laveran, 75005 Paris;https://www.google.com/maps/search/Toranj+1+Pl.+Alphonse+Laveran%2C+75005+Paris;-0.56;+0.86 Google signale une clientèle de touristes · +0.90 accueille des groupes — cars et sorties organisées · -0.29 dîners en solo — plutôt des habitués que des visiteurs · -0.49 ambiance calme · -1.30 fait de la livraison — on livre des riverains, pas des touristes · -0.25 vente à emporter;;
112;osm_n3027567341;Yue Dore;16 Rue du Sommerard, 75005 Paris;https://www.google.com/maps/search/Yue+Dore+16+Rue+du+Sommerard%2C+75005+Paris;-0.56;+0.86 Google signale une clientèle de touristes · +0.90 accueille des groupes — cars et sorties organisées · -0.29 dîners en solo — plutôt des habitués que des visiteurs · -0.49 ambiance calme · -1.30 fait de la livraison — on livre des riverains, pas des touristes · -0.25 vente à emporter;;
113;osm_n8999742322;Saigona;25 Rue St Jacques, 75005 Paris;https://www.google.com/maps/search/Saigona+25+Rue+St+Jacques%2C+75005+Paris;-0.55;-1.30 fait de la livraison — on livre des riverains, pas des touristes · -0.25 vente à emporter · +1.00 les avis citent Notre-Dame;;
114;osm_n9859233495;Okazaki;8 Rue Linné, 75005 Paris;https://www.google.com/maps/search/Okazaki+8+Rue+Linn%C3%A9%2C+75005+Paris;-0.54;-0.29 dîners en solo — plutôt des habitués que des visiteurs · -0.25 vente à emporter;;
115;osm_n5325410121;Saveurs d'Asie;31 Rue Monge, 75005 Paris;https://www.google.com/maps/search/Saveurs+d%27Asie+31+Rue+Monge%2C+75005+Paris;-0.54;-0.29 dîners en solo — plutôt des habitués que des visiteurs · -0.25 vente à emporter;;
116;osm_n13850401128;Saveurs d'Asie;31 Rue des Boulangers, 75005 Paris;https://www.google.com/maps/search/Saveurs+d%27Asie+31+Rue+des+Boulangers%2C+75005+Paris;-0.54;-0.29 dîners en solo — plutôt des habitués que des visiteurs · -0.25 vente à emporter;;
117;osm_n2529721872;MONK La Taverne de Cluny;51 Rue de la Harpe, 75005 Paris;https://www.google.com/maps/search/MONK+La+Taverne+de+Cluny+51+Rue+de+la+Harpe%2C+75005+Paris;;pas assez d'indices — a juger a la main;;
118;osm_n1673086771;Restaurant universitaire Châtelet;10 Rue Jean Calvin, 75005 Paris;https://www.google.com/maps/search/Restaurant+universitaire+Ch%C3%A2telet+10+Rue+Jean+Calvin%2C+75005+Paris;;pas assez d'indices — a juger a la main;;
119;osm_n2534780388;Rosie's Smokehouse;13 Rue de la Huchette, 75005 Paris;https://www.google.com/maps/search/Rosie%27s+Smokehouse+13+Rue+de+la+Huchette%2C+75005+Paris;;pas assez d'indices — a juger a la main;;
120;osm_n3351649038;Crêperie des Pêcheurs;27 Rue Saint-André des Arts, 75006 Paris;https://www.google.com/maps/search/Cr%C3%AAperie+des+P%C3%AAcheurs+27+Rue+Saint-Andr%C3%A9+des+Arts%2C+75006+Paris;-0.48;+0.86 Google signale une clientèle de touristes · -0.29 dîners en solo — plutôt des habitués que des visiteurs · -0.25 vente à emporter · -0.80 un avis parle du quartier;;
121;osm_n4447535029;La Ferrandaise;8 Rue de Vaugirard, 75006 Paris;https://www.google.com/maps/search/La+Ferrandaise+8+Rue+de+Vaugirard%2C+75006+Paris;-0.48;+0.86 Google signale une clientèle de touristes · -0.29 dîners en solo — plutôt des habitués que des visiteurs · -0.25 vente à emporter · -0.80 un avis parle du quartier;;
122;osm_n3350341294;Les Galandines;57 Rue Galande, 75005 Paris;https://www.google.com/maps/search/Les+Galandines+57+Rue+Galande%2C+75005+Paris;-0.47;+0.86 Google signale une clientèle de touristes · -0.29 dîners en solo — plutôt des habitués que des visiteurs · -0.49 ambiance calme · -1.30 fait de la livraison — on livre des riverains, pas des touristes · -0.25 vente à emporter · +1.00 les avis parlent de soupe à l'oignon;;
123;osm_n5374603637;Hûng-Yên;265 Rue St Jacques, 75005 Paris;https://www.google.com/maps/search/H%C3%BBng-Y%C3%AAn+265+Rue+St+Jacques%2C+75005+Paris;-0.43;+0.90 accueille des groupes — cars et sorties organisées · -0.29 dîners en solo — plutôt des habitués que des visiteurs · -0.25 vente à emporter · -0.80 un avis parle du quartier;;
124;osm_n10869077924;Ravello;8 Rue des Fossés Saint-Jacques, 75005;https://www.google.com/maps/search/Ravello+8+Rue+des+Foss%C3%A9s+Saint-Jacques%2C+75005;-0.38;+0.86 Google signale une clientèle de touristes · -0.29 dîners en solo — plutôt des habitués que des visiteurs · -1.30 fait de la livraison — on livre des riverains, pas des touristes · -0.25 vente à emporter · +0.60 les avis citent le Panthéon;;
125;osm_n8455524834;La Taverne du Cap Vert et du Brésil;25 Rue Daubenton, 75005;https://www.google.com/maps/search/La+Taverne+du+Cap+Vert+et+du+Br%C3%A9sil+25+Rue+Daubenton%2C+75005;-0.36;+0.86 Google signale une clientèle de touristes · +0.90 accueille des groupes — cars et sorties organisées · -0.29 dîners en solo — plutôt des habitués que des visiteurs · -0.49 ambiance calme · -1.30 fait de la livraison — on livre des riverains, pas des touristes · -0.25 vente à emporter · -0.50 classé « familial » · +0.70 fréquentation surtout le week-end;;
126;osm_n2534780416;Le Souvlaki Athénien;Rue de la Huchette;https://www.google.com/maps/search/Le+Souvlaki+Ath%C3%A9nien+Rue+de+la+Huchette;-0.36;+0.86 Google signale une clientèle de touristes · -0.29 dîners en solo — plutôt des habitués que des visiteurs · -1.30 fait de la livraison — on livre des riverains, pas des touristes · -0.25 vente à emporter · +0.62 fréquentation surtout le week-end;;
127;osm_n6684800156;Bolan;22 Rue du Sommerard, 75005 Paris;https://www.google.com/maps/search/Bolan+22+Rue+du+Sommerard%2C+75005+Paris;-0.34;-0.29 dîners en solo — plutôt des habitués que des visiteurs · -0.25 vente à emporter · +1.00 classé « gastronomique » — on s'y déplace · -0.80 un avis parle du quartier;;
128;osm_n4225805897;Japorama;16 Rue Monsieur le Prince, 75006 Paris;https://www.google.com/maps/search/Japorama+16+Rue+Monsieur+le+Prince%2C+75006+Paris;-0.31;+0.86 Google signale une clientèle de touristes · +0.90 accueille des groupes — cars et sorties organisées · -0.29 dîners en solo — plutôt des habitués que des visiteurs · -0.49 ambiance calme · -1.30 fait de la livraison — on livre des riverains, pas des touristes;;
129;osm_n1905655545;Le Petit Pont;75005 Paris;https://www.google.com/maps/search/Le+Petit+Pont+75005+Paris;-0.31;+0.86 Google signale une clientèle de touristes · +0.90 accueille des groupes — cars et sorties organisées · +1.11 positionné « romantique » — repas de destination · -2.89 fréquenté au petit-déjeuner — habitude de quartier · -0.29 dîners en solo — plutôt des habitués que des visiteurs · -0.50 classé « familial » · -0.50 café — on y revient · +0.99 fréquentation surtout le week-end;;
130;osm_n2529728761;Maison de Gyros;Rue de la Huchette;https://www.google.com/maps/search/Maison+de+Gyros+Rue+de+la+Huchette;;pas assez d'indices — a juger a la main;;
131;osm_n2445522886;Maison de Gyros;Rue de la Harpe;https://www.google.com/maps/search/Maison+de+Gyros+Rue+de+la+Harpe;;pas assez d'indices — a juger a la main;;
132;osm_n8075852378;Restaurant Boutebrie;15 Rue de la Parcheminerie, 75005 Paris;https://www.google.com/maps/search/Restaurant+Boutebrie+15+Rue+de+la+Parcheminerie%2C+75005+Paris;;pas assez d'indices — a juger a la main;;
133;osm_n4040161918;Vendredi Gourmand;17 Rue Royer-Collard, 75005 Paris;https://www.google.com/maps/search/Vendredi+Gourmand+17+Rue+Royer-Collard%2C+75005+Paris;;pas assez d'indices — a juger a la main;;
134;osm_n10833345417;Aux Délices du Liban;3 Rue de l'Estrapade, 75005 Paris;https://www.google.com/maps/search/Aux+D%C3%A9lices+du+Liban+3+Rue+de+l%27Estrapade%2C+75005+Paris;;pas assez d'indices — a juger a la main;;
135;osm_n9750553486;Bian Bian Nouilles;14 Rue du Pot de Fer, 75005;https://www.google.com/maps/search/Bian+Bian+Nouilles+14+Rue+du+Pot+de+Fer%2C+75005;;pas assez d'indices — a juger a la main;;
136;osm_n4403810889;Lhassa;13 Rue de la Montagne Ste Geneviève, 75005 Paris;https://www.google.com/maps/search/Lhassa+13+Rue+de+la+Montagne+Ste+Genevi%C3%A8ve%2C+75005+Paris;;pas assez d'indices — a juger a la main;;
137;osm_n5221190416;L'Avant Comptoir de la Mer;3 Carr de l'Odéon, 75006 Paris;https://www.google.com/maps/search/L%27Avant+Comptoir+de+la+Mer+3+Carr+de+l%27Od%C3%A9on%2C+75006+Paris;-0.23;+0.86 Google signale une clientèle de touristes · -0.29 dîners en solo — plutôt des habitués que des visiteurs · -0.80 un avis parle d'habitués;;
138;osm_n4168447189;L'Avant Comptoir de la Terre;3 Carr de l'Odéon, 75006 Paris;https://www.google.com/maps/search/L%27Avant+Comptoir+de+la+Terre+3+Carr+de+l%27Od%C3%A9on%2C+75006+Paris;-0.23;+0.86 Google signale une clientèle de touristes · -0.29 dîners en solo — plutôt des habitués que des visiteurs · -0.80 un avis parle d'habitués;;
139;osm_n10125185442;Godjo;8 Rue de l'École Polytechnique;https://www.google.com/maps/search/Godjo+8+Rue+de+l%27%C3%89cole+Polytechnique;-0.20;+0.86 Google signale une clientèle de touristes · +0.90 accueille des groupes — cars et sorties organisées · -0.29 dîners en solo — plutôt des habitués que des visiteurs · -0.25 vente à emporter · -1.00 classé « à emporter » · -0.80 traiteur — clientèle qui repasse · +0.37 fréquentation également répartie semaine / week-end;;
140;osm_n530575488;Le Delmas;2 Place de la Contrescarpe, 75005 Paris;https://www.google.com/maps/search/Le+Delmas+2+Place+de+la+Contrescarpe%2C+75005+Paris;-0.17;+0.86 Google signale une clientèle de touristes · +0.90 accueille des groupes — cars et sorties organisées · +1.11 positionné « romantique » — repas de destination · -2.89 fréquenté au petit-déjeuner — habitude de quartier · -0.29 dîners en solo — plutôt des habitués que des visiteurs · -0.25 vente à emporter · -0.50 café — on y revient · +0.78 fréquentation surtout le week-end · +0.90 les avis parlent de touristes · -0.80 un avis anglophone parle d'habitués;;
141;osm_n4040156222;An An;185 Rue St Jacques, 75005 Paris;https://www.google.com/maps/search/An+An+185+Rue+St+Jacques%2C+75005+Paris;-0.16;+0.86 Google signale une clientèle de touristes · -0.29 dîners en solo — plutôt des habitués que des visiteurs · -0.49 ambiance calme · -0.25 vente à emporter;;
142;osm_n6098939534;Bo Bun 11;11 Rue Linné, 75005 Paris;https://www.google.com/maps/search/Bo+Bun+11+11+Rue+Linn%C3%A9%2C+75005+Paris;-0.16;+0.86 Google signale une clientèle de touristes · -0.29 dîners en solo — plutôt des habitués que des visiteurs · -0.49 ambiance calme · -0.25 vente à emporter;;
143;osm_n7861045052;Khaaw Hoom;42 Rue des Boulangers, 75005 Paris;https://www.google.com/maps/search/Khaaw+Hoom+42+Rue+des+Boulangers%2C+75005+Paris;-0.16;+0.86 Google signale une clientèle de touristes · -0.29 dîners en solo — plutôt des habitués que des visiteurs · -0.49 ambiance calme · -0.25 vente à emporter;;
144;osm_n4403810989;Raviolis Queen;13 Rue de la Montagne Sainte-Geneviève;https://www.google.com/maps/search/Raviolis+Queen+13+Rue+de+la+Montagne+Sainte-Genevi%C3%A8ve;-0.16;+0.86 Google signale une clientèle de touristes · -0.29 dîners en solo — plutôt des habitués que des visiteurs · -0.49 ambiance calme · -0.25 vente à emporter;;
145;osm_n4081895346;The 3 Musketeers;18 Rue du Cardinal Lemoine, 75005 Paris;https://www.google.com/maps/search/The+3+Musketeers+18+Rue+du+Cardinal+Lemoine%2C+75005+Paris;-0.16;+0.86 Google signale une clientèle de touristes · -0.29 dîners en solo — plutôt des habitués que des visiteurs · -0.49 ambiance calme · -0.25 vente à emporter;;
146;osm_n1407190689;Wadon;3 Rue de Poissy, 75005 Paris;https://www.google.com/maps/search/Wadon+3+Rue+de+Poissy%2C+75005+Paris;-0.16;+0.86 Google signale une clientèle de touristes · -0.29 dîners en solo — plutôt des habitués que des visiteurs · -0.49 ambiance calme · -0.25 vente à emporter;;
147;osm_n1697702172;Guang Ming;7 Rue Laromiguière, 75005 Paris;https://www.google.com/maps/search/Guang+Ming+7+Rue+Laromigui%C3%A8re%2C+75005+Paris;-0.12;+0.90 accueille des groupes — cars et sorties organisées · -0.29 dîners en solo — plutôt des habitués que des visiteurs · -0.49 ambiance calme · -0.25 vente à emporter;;
148;osm_n1711318535;Oulala;22 Rue Mouffetard, 75005 Paris;https://www.google.com/maps/search/Oulala+22+Rue+Mouffetard%2C+75005+Paris;-0.12;+0.90 accueille des groupes — cars et sorties organisées · -0.29 dîners en solo — plutôt des habitués que des visiteurs · -0.49 ambiance calme · -0.25 vente à emporter;;
149;osm_n5260348838;Hugo & co;48 Rue Monge, 75005 Paris;https://www.google.com/maps/search/Hugo+%26+co+48+Rue+Monge%2C+75005+Paris;-0.11;+0.86 Google signale une clientèle de touristes · +1.11 positionné « romantique » — repas de destination · -0.29 dîners en solo — plutôt des habitués que des visiteurs · -0.49 ambiance calme · -1.30 fait de la livraison — on livre des riverains, pas des touristes;;
150;osm_n2575207520;Chez Zareta;11 Rue Xavier Privas, 75005 Paris;https://www.google.com/maps/search/Chez+Zareta+11+Rue+Xavier+Privas%2C+75005+Paris;-0.08;+0.86 Google signale une clientèle de touristes · +0.90 accueille des groupes — cars et sorties organisées · -0.29 dîners en solo — plutôt des habitués que des visiteurs · -1.30 fait de la livraison — on livre des riverains, pas des touristes · -0.25 vente à emporter;;
151;osm_n10125185437;Foyer mon Vietnam;24 Rue de la Montagne Ste Geneviève, 75005 Paris;https://www.google.com/maps/search/Foyer+mon+Vietnam+24+Rue+de+la+Montagne+Ste+Genevi%C3%A8ve%2C+75005+Paris;-0.08;+0.86 Google signale une clientèle de touristes · +0.90 accueille des groupes — cars et sorties organisées · -0.29 dîners en solo — plutôt des habitués que des visiteurs · -1.30 fait de la livraison — on livre des riverains, pas des touristes · -0.25 vente à emporter;;
152;osm_n1750443570;La Muraille du Phénix;179 Rue St Jacques, 75005 Paris;https://www.google.com/maps/search/La+Muraille+du+Ph%C3%A9nix+179+Rue+St+Jacques%2C+75005+Paris;-0.08;+0.86 Google signale une clientèle de touristes · +0.90 accueille des groupes — cars et sorties organisées · -0.29 dîners en solo — plutôt des habitués que des visiteurs · -1.30 fait de la livraison — on livre des riverains, pas des touristes · -0.25 vente à emporter;;
153;osm_n698784647;Mimi Ramen;27 Rue Descartes;https://www.google.com/maps/search/Mimi+Ramen+27+Rue+Descartes;-0.08;+0.86 Google signale une clientèle de touristes · +0.90 accueille des groupes — cars et sorties organisées · -0.29 dîners en solo — plutôt des habitués que des visiteurs · -1.30 fait de la livraison — on livre des riverains, pas des touristes · -0.25 vente à emporter;;
154;osm_n10807924222;Rivières d'Himalaya;61 Rue Claude Bernard, 75005 Paris;https://www.google.com/maps/search/Rivi%C3%A8res+d%27Himalaya+61+Rue+Claude+Bernard%2C+75005+Paris;-0.08;+0.86 Google signale une clientèle de touristes · +0.90 accueille des groupes — cars et sorties organisées · -0.29 dîners en solo — plutôt des habitués que des visiteurs · -1.30 fait de la livraison — on livre des riverains, pas des touristes · -0.25 vente à emporter;;
155;osm_n3351692900;Chez Germain;33 Rue Saint-André des Arts;https://www.google.com/maps/search/Chez+Germain+33+Rue+Saint-Andr%C3%A9+des+Arts;-0.06;+0.86 Google signale une clientèle de touristes · -0.29 dîners en solo — plutôt des habitués que des visiteurs · -0.49 ambiance calme · -0.25 vente à emporter · +0.90 les avis parlent de touristes · -0.80 un avis parle du quartier;;
156;osm_n1676994737;L'île de Crête;2 Rue Blainville, 75005 Paris;https://www.google.com/maps/search/L%27%C3%AEle+de+Cr%C3%AAte+2+Rue+Blainville%2C+75005+Paris;-0.06;+0.86 Google signale une clientèle de touristes · -0.29 dîners en solo — plutôt des habitués que des visiteurs · -0.49 ambiance calme · -0.25 vente à emporter · +0.90 les avis parlent de touristes · -0.80 un avis parle du quartier;;
157;osm_n5222776420;Khana;69 Rue Saint-Louis en l'Île, 75004 Paris;https://www.google.com/maps/search/Khana+69+Rue+Saint-Louis+en+l%27%C3%8Ele%2C+75004+Paris;-0.06;+0.86 Google signale une clientèle de touristes · +0.90 accueille des groupes — cars et sorties organisées · -0.29 dîners en solo — plutôt des habitués que des visiteurs · -0.49 ambiance calme · -1.30 fait de la livraison — on livre des riverains, pas des touristes · -0.25 vente à emporter · +0.50 fréquentation surtout le week-end;;
158;osm_n1547972240;Anahuacalli;30 Rue des Bernardins, 75005 Paris;https://www.google.com/maps/search/Anahuacalli+30+Rue+des+Bernardins%2C+75005+Paris;-0.06;+0.86 Google signale une clientèle de touristes · +0.90 accueille des groupes — cars et sorties organisées · -0.29 dîners en solo — plutôt des habitués que des visiteurs · -0.49 ambiance calme · -0.25 vente à emporter · -0.80 un avis parle du quartier;;
159;osm_n9501679142;La Soummam;3 Rue de Bièvre, 75005 Paris;https://www.google.com/maps/search/La+Soummam+3+Rue+de+Bi%C3%A8vre%2C+75005+Paris;-0.06;+0.86 Google signale une clientèle de touristes · +0.90 accueille des groupes — cars et sorties organisées · -0.29 dîners en solo — plutôt des habitués que des visiteurs · -0.49 ambiance calme · -0.25 vente à emporter · -0.80 un avis parle d'années de fidélité;;
160;osm_n2788471655;Julia;83 Rue Mouffetard, 75005 Paris;https://www.google.com/maps/search/Julia+83+Rue+Mouffetard%2C+75005+Paris;-0.06;+0.86 Google signale une clientèle de touristes · +0.90 accueille des groupes — cars et sorties organisées · -0.29 dîners en solo — plutôt des habitués que des visiteurs · -0.49 ambiance calme · -1.30 fait de la livraison — on livre des riverains, pas des touristes · -0.25 vente à emporter · +0.50 fréquentation surtout le week-end;;
161;osm_n9173357290;L'Escarpolette;40 Rue Gay-Lussac, 75005 Paris;https://www.google.com/maps/search/L%27Escarpolette+40+Rue+Gay-Lussac%2C+75005+Paris;-0.05;-0.25 vente à emporter · +0.20 fréquentation également répartie semaine / week-end;;
162;osm_n12188738621;Le Thiossane;13 Rue du Cardinal Lemoine, 75005 Paris;https://www.google.com/maps/search/Le+Thiossane+13+Rue+du+Cardinal+Lemoine%2C+75005+Paris;-0.04;+0.86 Google signale une clientèle de touristes · +0.90 accueille des groupes — cars et sorties organisées · -0.29 dîners en solo — plutôt des habitués que des visiteurs · -0.49 ambiance calme · -1.30 fait de la livraison — on livre des riverains, pas des touristes · -0.25 vente à emporter · +0.52 fréquentation surtout le week-end;;
163;osm_n8999742323;April;;https://www.google.com/maps/search/April;;pas assez d'indices — a juger a la main;;
164;osm_n1667270068;Atelier Carmen;5 Rue du Pot de Fer, 75005 Paris;https://www.google.com/maps/search/Atelier+Carmen+5+Rue+du+Pot+de+Fer%2C+75005+Paris;;pas assez d'indices — a juger a la main;;
165;osm_n2788471645;Au Petit Bistrot;;https://www.google.com/maps/search/Au+Petit+Bistrot;;pas assez d'indices — a juger a la main;;
166;osm_n2301351094;Au vieux cèdre;;https://www.google.com/maps/search/Au+vieux+c%C3%A8dre;;pas assez d'indices — a juger a la main;;
167;osm_n2373094099;Bambou;;https://www.google.com/maps/search/Bambou;;pas assez d'indices — a juger a la main;;
168;osm_n4460781390;Bazurto;5 Rue de l'Ancienne Comédie, 75006 Paris;https://www.google.com/maps/search/Bazurto+5+Rue+de+l%27Ancienne+Com%C3%A9die%2C+75006+Paris;;pas assez d'indices — a juger a la main;;
169;osm_n9755996325;BigBang;;https://www.google.com/maps/search/BigBang;;pas assez d'indices — a juger a la main;;
170;osm_n2924393155;Bistro du Marché;75bis Rue Monge, 75005 Paris;https://www.google.com/maps/search/Bistro+du+March%C3%A9+75bis+Rue+Monge%2C+75005+Paris;;pas assez d'indices — a juger a la main;;
171;osm_n3351650545;Bistrot 31;;https://www.google.com/maps/search/Bistrot+31;;pas assez d'indices — a juger a la main;;
172;osm_n2897679727;Brasserie Balzar;49 Rue des Écoles, 75005 Paris;https://www.google.com/maps/search/Brasserie+Balzar+49+Rue+des+%C3%89coles%2C+75005+Paris;;pas assez d'indices — a juger a la main;;
173;osm_n11816823286;Brasserie des Prés;6 Cour du Commerce Saint-André, 75006;https://www.google.com/maps/search/Brasserie+des+Pr%C3%A9s+6+Cour+du+Commerce+Saint-Andr%C3%A9%2C+75006;;pas assez d'indices — a juger a la main;;
174;osm_n779955564;Breizh Café;;https://www.google.com/maps/search/Breizh+Caf%C3%A9;;pas assez d'indices — a juger a la main;;
175;osm_w59544128;CROUS Restaurant Universitaire Censier;;https://www.google.com/maps/search/CROUS+Restaurant+Universitaire+Censier;;pas assez d'indices — a juger a la main;;
176;osm_n5764283340;Café Saint-Germain;18 Bd Saint-Germain, 75005 Paris;https://www.google.com/maps/search/Caf%C3%A9+Saint-Germain+18+Bd+Saint-Germain%2C+75005+Paris;;pas assez d'indices — a juger a la main;;
177;osm_n7028008456;Casa Mia;;https://www.google.com/maps/search/Casa+Mia;;pas assez d'indices — a juger a la main;;
178;osm_n8879706726;Chantira;46 Rue Daubenton, 75005 Paris;https://www.google.com/maps/search/Chantira+46+Rue+Daubenton%2C+75005+Paris;;pas assez d'indices — a juger a la main;;
179;osm_n10869266096;Dame;;https://www.google.com/maps/search/Dame;;pas assez d'indices — a juger a la main;;
180;osm_n622303216;El Sol y la Luna;31 Rue St Jacques, 75005 Paris;https://www.google.com/maps/search/El+Sol+y+la+Luna+31+Rue+St+Jacques%2C+75005+Paris;;pas assez d'indices — a juger a la main;;
181;osm_n6594894986;Gemini Family;;https://www.google.com/maps/search/Gemini+Family;;pas assez d'indices — a juger a la main;;
182;osm_n3703077369;Ha Noi 1988;;https://www.google.com/maps/search/Ha+Noi+1988;;pas assez d'indices — a juger a la main;;
183;osm_n3239933756;Hanoï;;https://www.google.com/maps/search/Hano%C3%AF;;pas assez d'indices — a juger a la main;;
184;osm_n11887582452;Hestia;;https://www.google.com/maps/search/Hestia;;pas assez d'indices — a juger a la main;;
185;osm_n1667270067;Hoki Sushi;;https://www.google.com/maps/search/Hoki+Sushi;;pas assez d'indices — a juger a la main;;
186;osm_n2517526665;Inagiku;14 Rue de Pontoise, 75005 Paris;https://www.google.com/maps/search/Inagiku+14+Rue+de+Pontoise%2C+75005+Paris;;pas assez d'indices — a juger a la main;;
187;osm_n1750350273;Izgara;;https://www.google.com/maps/search/Izgara;;pas assez d'indices — a juger a la main;;
188;osm_n582931079;L'Annexe;22 Rue des Écoles, 75005 Paris;https://www.google.com/maps/search/L%27Annexe+22+Rue+des+%C3%89coles%2C+75005+Paris;;pas assez d'indices — a juger a la main;;
189;osm_n9041945080;L'Ardoise;;https://www.google.com/maps/search/L%27Ardoise;;pas assez d'indices — a juger a la main;;
190;osm_n2939306202;L'Atlas;12 Bd Saint-Germain, 75005 Paris;https://www.google.com/maps/search/L%27Atlas+12+Bd+Saint-Germain%2C+75005+Paris;;pas assez d'indices — a juger a la main;;
191;osm_n4986750557;L'Olivier;;https://www.google.com/maps/search/L%27Olivier;;pas assez d'indices — a juger a la main;;
192;osm_n2841183072;L'Époque;;https://www.google.com/maps/search/L%27%C3%89poque;;pas assez d'indices — a juger a la main;;
193;osm_n5129121012;La Cava Voltini;;https://www.google.com/maps/search/La+Cava+Voltini;;pas assez d'indices — a juger a la main;;
194;osm_n2575207509;La Luge;;https://www.google.com/maps/search/La+Luge;;pas assez d'indices — a juger a la main;;
195;osm_n13917145276;La Rôtisserie;;https://www.google.com/maps/search/La+R%C3%B4tisserie;;pas assez d'indices — a juger a la main;;
196;osm_n1133077163;La Taverne;;https://www.google.com/maps/search/La+Taverne;;pas assez d'indices — a juger a la main;;
197;osm_n5368719845;Le Berthoud;1 Rue Valette, 75005 Paris;https://www.google.com/maps/search/Le+Berthoud+1+Rue+Valette%2C+75005+Paris;;pas assez d'indices — a juger a la main;;
198;osm_n7602795638;Le Luco;107 Bd Saint-Michel, 75005 Paris;https://www.google.com/maps/search/Le+Luco+107+Bd+Saint-Michel%2C+75005+Paris;;pas assez d'indices — a juger a la main;;
199;osm_n8222344128;Le Mékong;;https://www.google.com/maps/search/Le+M%C3%A9kong;;pas assez d'indices — a juger a la main;;
200;osm_n2575207515;Le Nouveau Village chez Momo;Rue Xavier Privas;https://www.google.com/maps/search/Le+Nouveau+Village+chez+Momo+Rue+Xavier+Privas;;pas assez d'indices — a juger a la main;;
201;osm_n4462302090;Le Val de Grace;;https://www.google.com/maps/search/Le+Val+de+Grace;;pas assez d'indices — a juger a la main;;
202;osm_n5866476208;Les Balkans;Rue de la Harpe;https://www.google.com/maps/search/Les+Balkans+Rue+de+la+Harpe;;pas assez d'indices — a juger a la main;;
203;osm_n977194880;Les Petits Pois;3 Rue Linné, 75005 Paris;https://www.google.com/maps/search/Les+Petits+Pois+3+Rue+Linn%C3%A9%2C+75005+Paris;;pas assez d'indices — a juger a la main;;
204;osm_n4467072930;Les délices d'Aphrodite;4 Rue de Candolle, 75005 Paris;https://www.google.com/maps/search/Les+d%C3%A9lices+d%27Aphrodite+4+Rue+de+Candolle%2C+75005+Paris;;pas assez d'indices — a juger a la main;;
205;osm_n6188279205;Li Thang;;https://www.google.com/maps/search/Li+Thang;;pas assez d'indices — a juger a la main;;
206;osm_n9755867463;Little Napoli;5 Rue du Pot de Fer, 75005 Paris;https://www.google.com/maps/search/Little+Napoli+5+Rue+du+Pot+de+Fer%2C+75005+Paris;;pas assez d'indices — a juger a la main;;
207;osm_n3734869925;Maison de la Lozère;1Bis Rue Hautefeuille, 75006 Paris;https://www.google.com/maps/search/Maison+de+la+Loz%C3%A8re+1Bis+Rue+Hautefeuille%2C+75006+Paris;;pas assez d'indices — a juger a la main;;
208;osm_n9402142191;Mo Sarpi;;https://www.google.com/maps/search/Mo+Sarpi;;pas assez d'indices — a juger a la main;;
209;osm_n10103193904;NA;48 Rue Gay-Lussac;https://www.google.com/maps/search/NA+48+Rue+Gay-Lussac;;pas assez d'indices — a juger a la main;;
210;osm_n8116983751;Octant;;https://www.google.com/maps/search/Octant;;pas assez d'indices — a juger a la main;;
211;osm_n4040163689;Ozumaki;19 Rue Gay-Lussac, 75005;https://www.google.com/maps/search/Ozumaki+19+Rue+Gay-Lussac%2C+75005;;pas assez d'indices — a juger a la main;;
212;osm_n1110738581;Papilla;;https://www.google.com/maps/search/Papilla;;pas assez d'indices — a juger a la main;;
213;osm_n2494113876;Papillon;;https://www.google.com/maps/search/Papillon;;pas assez d'indices — a juger a la main;;
214;osm_n8999742324;Piment thaï;;https://www.google.com/maps/search/Piment+tha%C3%AF;;pas assez d'indices — a juger a la main;;
215;osm_n9579610786;Pizza Hut;;https://www.google.com/maps/search/Pizza+Hut;;pas assez d'indices — a juger a la main;;
216;osm_n1129806595;Pizza Roma;;https://www.google.com/maps/search/Pizza+Roma;;pas assez d'indices — a juger a la main;;
217;osm_n2926043501;Pura Vida;;https://www.google.com/maps/search/Pura+Vida;;pas assez d'indices — a juger a la main;;
218;osm_n4460703890;Quartier Général;;https://www.google.com/maps/search/Quartier+G%C3%A9n%C3%A9ral;;pas assez d'indices — a juger a la main;;
219;osm_n5442586683;Racina;43 Rue Descartes, 75005 Paris;https://www.google.com/maps/search/Racina+43+Rue+Descartes%2C+75005+Paris;;pas assez d'indices — a juger a la main;;
220;osm_n1681555579;Rebalto;47 Rue Mouffetard, 75005 Paris;https://www.google.com/maps/search/Rebalto+47+Rue+Mouffetard%2C+75005+Paris;;pas assez d'indices — a juger a la main;;
221;osm_n3350260893;Ribouldingue;10 Rue Saint-Julien le Pauvre, 75005 Paris;https://www.google.com/maps/search/Ribouldingue+10+Rue+Saint-Julien+le+Pauvre%2C+75005+Paris;;pas assez d'indices — a juger a la main;;
222;osm_n9725595237;Royal Bombay;;https://www.google.com/maps/search/Royal+Bombay;;pas assez d'indices — a juger a la main;;
223;osm_n6097105387;SOS Chef;;https://www.google.com/maps/search/SOS+Chef;;pas assez d'indices — a juger a la main;;
224;osm_n13898698194;Salvia;;https://www.google.com/maps/search/Salvia;;pas assez d'indices — a juger a la main;;
225;osm_n11937604632;Sanuki;11 Rue de Buci, 75006 Paris;https://www.google.com/maps/search/Sanuki+11+Rue+de+Buci%2C+75006+Paris;;pas assez d'indices — a juger a la main;;
226;osm_n4793992024;Selva;22 Rue du Sommerard, 75005 Paris;https://www.google.com/maps/search/Selva+22+Rue+du+Sommerard%2C+75005+Paris;;pas assez d'indices — a juger a la main;;
227;osm_n9949549854;Subarashi ramen;;https://www.google.com/maps/search/Subarashi+ramen;;pas assez d'indices — a juger a la main;;
228;osm_n2788471630;Sunny;;https://www.google.com/maps/search/Sunny;;pas assez d'indices — a juger a la main;;
229;osm_n8827956517;Sushi Fresh;80 Bd Saint-Michel, 75006 Paris;https://www.google.com/maps/search/Sushi+Fresh+80+Bd+Saint-Michel%2C+75006+Paris;;pas assez d'indices — a juger a la main;;
230;osm_n4074851972;Sushi Wasabi;;https://www.google.com/maps/search/Sushi+Wasabi;;pas assez d'indices — a juger a la main;;
231;osm_n304964735;Sweet KT;42 Rue de la Montagne Sainte-Geneviève, 75005 Paris;https://www.google.com/maps/search/Sweet+KT+42+Rue+de+la+Montagne+Sainte-Genevi%C3%A8ve%2C+75005+Paris;;pas assez d'indices — a juger a la main;;
232;osm_n4751246322;Sésame;;https://www.google.com/maps/search/S%C3%A9same;;pas assez d'indices — a juger a la main;;
233;osm_n8515978526;Tcham;50 Rue Daubenton, 75005 Paris;https://www.google.com/maps/search/Tcham+50+Rue+Daubenton%2C+75005+Paris;;pas assez d'indices — a juger a la main;;
234;osm_n2440496924;The Cod House;;https://www.google.com/maps/search/The+Cod+House;;pas assez d'indices — a juger a la main;;
235;osm_n9949549848;Topo;;https://www.google.com/maps/search/Topo;;pas assez d'indices — a juger a la main;;
236;osm_n7450348314;Traiteur Asiatique;;https://www.google.com/maps/search/Traiteur+Asiatique;;pas assez d'indices — a juger a la main;;
237;osm_n7681213385;Tran Tran Zai;;https://www.google.com/maps/search/Tran+Tran+Zai;;pas assez d'indices — a juger a la main;;
238;osm_n9675439456;Veg’anne By Anne Dorcay;10 Rue des Bernardins, 75005 Paris;https://www.google.com/maps/search/Veg%E2%80%99anne+By+Anne+Dorcay+10+Rue+des+Bernardins%2C+75005+Paris;;pas assez d'indices — a juger a la main;;
239;osm_n6417011527;Zaoka;;https://www.google.com/maps/search/Zaoka;;pas assez d'indices — a juger a la main;;
240;osm_n6532221250;Dae Jang;33 Rue Descartes, 75005 Paris;https://www.google.com/maps/search/Dae+Jang+33+Rue+Descartes%2C+75005+Paris;0.00;+0.86 Google signale une clientèle de touristes · +0.90 accueille des groupes — cars et sorties organisées · -0.29 dîners en solo — plutôt des habitués que des visiteurs · -1.30 fait de la livraison — on livre des riverains, pas des touristes · -0.25 vente à emporter · +0.28 fréquentation également répartie semaine / week-end · +0.60 les avis parlent de « cuisine française » en bloc · -0.80 un avis parle d'habitués;;
241;osm_n9561130814;Crêperie Île Saint-Louis;88 Rue Saint-Louis en l'Île, 75004 Paris;https://www.google.com/maps/search/Cr%C3%AAperie+%C3%8Ele+Saint-Louis+88+Rue+Saint-Louis+en+l%27%C3%8Ele%2C+75004+Paris;0.01;+0.86 Google signale une clientèle de touristes · -0.29 dîners en solo — plutôt des habitués que des visiteurs · -1.30 fait de la livraison — on livre des riverains, pas des touristes · -0.25 vente à emporter · +0.99 fréquentation surtout le week-end;;
242;osm_n6779528886;Chez Tante;17 Rue Frédéric Sauton, 75005 Paris;https://www.google.com/maps/search/Chez+Tante+17+Rue+Fr%C3%A9d%C3%A9ric+Sauton%2C+75005+Paris;0.02;+0.86 Google signale une clientèle de touristes · -0.29 dîners en solo — plutôt des habitués que des visiteurs · -1.30 fait de la livraison — on livre des riverains, pas des touristes · -0.25 vente à emporter · +1.00 les avis citent Notre-Dame;;
243;osm_n1702570598;Chez Nicos;44 Rue Mouffetard, 75005 Paris;https://www.google.com/maps/search/Chez+Nicos+44+Rue+Mouffetard%2C+75005+Paris;0.04;+0.86 Google signale une clientèle de touristes · -0.29 dîners en solo — plutôt des habitués que des visiteurs · -1.30 fait de la livraison — on livre des riverains, pas des touristes · -0.25 vente à emporter · +1.02 fréquentation surtout le week-end;;
244;osm_n2868208169;Café Med;77 Rue Saint-Louis en l'Île, 75004 Paris;https://www.google.com/maps/search/Caf%C3%A9+Med+77+Rue+Saint-Louis+en+l%27%C3%8Ele%2C+75004+Paris;0.06;+0.86 Google signale une clientèle de touristes · +1.11 positionné « romantique » — repas de destination · -2.89 fréquenté au petit-déjeuner — habitude de quartier · -0.29 dîners en solo — plutôt des habitués que des visiteurs · -0.49 ambiance calme · -0.25 vente à emporter · -0.50 café — on y revient · +0.90 les avis parlent de confit de canard · +0.60 les avis parlent de « cuisine française » en bloc · +1.00 les avis citent Notre-Dame;;
245;osm_n4409264400;La Table d’Hami;5 Rue Daubenton, 75005 Paris;https://www.google.com/maps/search/La+Table+d%E2%80%99Hami+5+Rue+Daubenton%2C+75005+Paris;0.08;+0.86 Google signale une clientèle de touristes · -0.29 dîners en solo — plutôt des habitués que des visiteurs · -0.49 ambiance calme;;
246;osm_n11289914855;Sagan;8 Rue Casimir Delavigne, 75006 Paris;https://www.google.com/maps/search/Sagan+8+Rue+Casimir+Delavigne%2C+75006+Paris;0.08;+0.86 Google signale une clientèle de touristes · -0.29 dîners en solo — plutôt des habitués que des visiteurs · -0.49 ambiance calme;;
247;osm_n2575207516;Maison de Gyros;Rue Xavier Privas;https://www.google.com/maps/search/Maison+de+Gyros+Rue+Xavier+Privas;0.11;-0.29 dîners en solo — plutôt des habitués que des visiteurs · -0.25 vente à emporter · +0.65 fréquentation surtout le week-end;;
248;osm_n5131438074;Arrivederci Pizzeria;47 Rue Gay-Lussac, 75005 Paris;https://www.google.com/maps/search/Arrivederci+Pizzeria+47+Rue+Gay-Lussac%2C+75005+Paris;0.12;+0.86 Google signale une clientèle de touristes · +0.90 accueille des groupes — cars et sorties organisées · -0.29 dîners en solo — plutôt des habitués que des visiteurs · -1.30 fait de la livraison — on livre des riverains, pas des touristes · -0.25 vente à emporter · +0.19 fréquentation également répartie semaine / week-end;;
249;osm_n6432767115;Brasserie Célina;77 Rue Claude Bernard, 75005 Paris;https://www.google.com/maps/search/Brasserie+C%C3%A9lina+77+Rue+Claude+Bernard%2C+75005+Paris;0.17;+0.86 Google signale une clientèle de touristes · +0.90 accueille des groupes — cars et sorties organisées · -0.29 dîners en solo — plutôt des habitués que des visiteurs · -0.80 pizzas à emporter · -0.50 café — on y revient;;
250;osm_n11264778281;Le Vauquelin;23 Rue Vauquelin, 75005 Paris;https://www.google.com/maps/search/Le+Vauquelin+23+Rue+Vauquelin%2C+75005+Paris;0.17;+0.86 Google signale une clientèle de touristes · +0.90 accueille des groupes — cars et sorties organisées · -0.29 dîners en solo — plutôt des habitués que des visiteurs · -0.50 café — on y revient · -0.80 un avis parle du quartier;;
251;osm_n2534780358;Il Gigolo;11 Rue de la Huchette, 75005 Paris;https://www.google.com/maps/search/Il+Gigolo+11+Rue+de+la+Huchette%2C+75005+Paris;0.20;-0.80 pizzas à emporter · +1.00 les avis citent Notre-Dame;;
252;osm_n3465203193;Loubnane;29 Rue Galande;https://www.google.com/maps/search/Loubnane+29+Rue+Galande;0.20;+1.00 les avis citent Notre-Dame · -0.80 un avis parle du quartier;;
253;osm_n4040162489;Casa di Peppe;75005 Paris;https://www.google.com/maps/search/Casa+di+Peppe+75005+Paris;0.23;+0.86 Google signale une clientèle de touristes · +0.90 accueille des groupes — cars et sorties organisées · -0.29 dîners en solo — plutôt des habitués que des visiteurs · -1.30 fait de la livraison — on livre des riverains, pas des touristes · -0.25 vente à emporter · +0.50 fréquentation surtout le week-end · +0.60 les avis citent le Panthéon · -0.80 un avis parle du quartier;;
254;osm_n2864996901;L'Écritoire;3 Place de la Sorbonne;https://www.google.com/maps/search/L%27%C3%89critoire+3+Place+de+la+Sorbonne;0.23;+0.86 Google signale une clientèle de touristes · +0.90 accueille des groupes — cars et sorties organisées · -0.29 dîners en solo — plutôt des habitués que des visiteurs · -0.49 ambiance calme · -0.25 vente à emporter · -0.50 classé « familial » · -0.50 café — on y revient · +0.49 fréquentation également répartie semaine / week-end;;
255;osm_n9750553481;Le Vigneron;10 Rue du Pot de Fer, 75005 Paris;https://www.google.com/maps/search/Le+Vigneron+10+Rue+du+Pot+de+Fer%2C+75005+Paris;0.24;+0.86 Google signale une clientèle de touristes · +0.90 accueille des groupes — cars et sorties organisées · -0.29 dîners en solo — plutôt des habitués que des visiteurs · -0.49 ambiance calme · -0.25 vente à emporter · -0.50 classé « familial »;;
256;osm_n310363627;La Clap;22 Rue Linné, 75005 Paris;https://www.google.com/maps/search/La+Clap+22+Rue+Linn%C3%A9%2C+75005+Paris;0.32;+0.86 Google signale une clientèle de touristes · -0.29 dîners en solo — plutôt des habitués que des visiteurs · -0.25 vente à emporter · -0.00 fréquentation également répartie semaine / week-end;;
257;osm_n9350719751;Mouffetard Saigon's;85 Rue du Cardinal Lemoine, 75005 Paris;https://www.google.com/maps/search/Mouffetard+Saigon%27s+85+Rue+du+Cardinal+Lemoine%2C+75005+Paris;0.32;+0.86 Google signale une clientèle de touristes · -0.29 dîners en solo — plutôt des habitués que des visiteurs · -0.25 vente à emporter;;
258;osm_n1731675378;O. Isso;6 Rue Blainville, 75005 Paris;https://www.google.com/maps/search/O.+Isso+6+Rue+Blainville%2C+75005+Paris;0.32;+0.86 Google signale une clientèle de touristes · -0.29 dîners en solo — plutôt des habitués que des visiteurs · -0.25 vente à emporter;;
259;osm_n251474107;Jardin des Pâtes;4 Rue Lacépède, 75005 Paris;https://www.google.com/maps/search/Jardin+des+P%C3%A2tes+4+Rue+Lac%C3%A9p%C3%A8de%2C+75005+Paris;0.39;+0.86 Google signale une clientèle de touristes · +0.90 accueille des groupes — cars et sorties organisées · +1.11 positionné « romantique » — repas de destination · -0.29 dîners en solo — plutôt des habitués que des visiteurs · -0.49 ambiance calme · -1.30 fait de la livraison — on livre des riverains, pas des touristes · -0.25 vente à emporter · -0.17 fréquentation également répartie semaine / week-end;;
260;osm_n6532221252;Savannah Café;27 Rue Descartes, 75005 Paris;https://www.google.com/maps/search/Savannah+Caf%C3%A9+27+Rue+Descartes%2C+75005+Paris;0.43;+0.86 Google signale une clientèle de touristes · +0.90 accueille des groupes — cars et sorties organisées · -0.29 dîners en solo — plutôt des habitués que des visiteurs · -0.25 vente à emporter · -0.80 traiteur — clientèle qui repasse;;
261;osm_n7799077048;Taeng Thai;33 Pl. Maubert, 75005 Paris;https://www.google.com/maps/search/Taeng+Thai+33+Pl.+Maubert%2C+75005+Paris;0.43;+0.86 Google signale une clientèle de touristes · +0.90 accueille des groupes — cars et sorties organisées · -0.29 dîners en solo — plutôt des habitués que des visiteurs · -0.25 vente à emporter · -0.80 un avis l'appelle « cantine »;;
262;osm_n3350341593;Fraternité Vietnamienne;65 Rue Galande, 75005 Paris;https://www.google.com/maps/search/Fraternit%C3%A9+Vietnamienne+65+Rue+Galande%2C+75005+Paris;0.43;+0.86 Google signale une clientèle de touristes · -0.29 dîners en solo — plutôt des habitués que des visiteurs · -0.49 ambiance calme · -1.30 fait de la livraison — on livre des riverains, pas des touristes · -0.25 vente à emporter · +1.00 les avis citent Notre-Dame · +0.90 les avis parlent de touristes;;
263;osm_n3797279759;Ayadi Gourmet;17 Rue Frédéric Sauton, 75005 Paris;https://www.google.com/maps/search/Ayadi+Gourmet+17+Rue+Fr%C3%A9d%C3%A9ric+Sauton%2C+75005+Paris;0.44;+0.86 Google signale une clientèle de touristes · +0.90 accueille des groupes — cars et sorties organisées · -0.29 dîners en solo — plutôt des habitués que des visiteurs · -0.49 ambiance calme · -1.30 fait de la livraison — on livre des riverains, pas des touristes · -0.25 vente à emporter · +1.00 classé « gastronomique » — on s'y déplace;;
264;osm_n4153944693;Matsuya;39 Rue Galande, 75005 Paris;https://www.google.com/maps/search/Matsuya+39+Rue+Galande%2C+75005+Paris;0.44;+0.86 Google signale une clientèle de touristes · +0.90 accueille des groupes — cars et sorties organisées · -0.29 dîners en solo — plutôt des habitués que des visiteurs · -0.49 ambiance calme · -1.30 fait de la livraison — on livre des riverains, pas des touristes · -0.25 vente à emporter · +1.00 les avis citent Notre-Dame;;
265;osm_n9843859463;Bibim Bao;59 Rue Claude Bernard, 75005 Paris;https://www.google.com/maps/search/Bibim+Bao+59+Rue+Claude+Bernard%2C+75005+Paris;0.47;+0.86 Google signale une clientèle de touristes · -0.29 dîners en solo — plutôt des habitués que des visiteurs · -0.25 vente à emporter · +0.15 fréquentation également répartie semaine / week-end;;
266;osm_n9146864044;Le Grenier de Notre Dame;18 Rue de la Bûcherie, 75005 Paris;https://www.google.com/maps/search/Le+Grenier+de+Notre+Dame+18+Rue+de+la+B%C3%BBcherie%2C+75005+Paris;0.48;+0.86 Google signale une clientèle de touristes · +0.90 accueille des groupes — cars et sorties organisées · +1.11 positionné « romantique » — repas de destination · -0.29 dîners en solo — plutôt des habitués que des visiteurs · -0.49 ambiance calme · -1.30 fait de la livraison — on livre des riverains, pas des touristes · -0.25 vente à emporter · +0.73 fréquentation surtout le week-end · -0.80 un avis parle du quartier;;
267;osm_n4986750556;Hong Kong;75006 Paris;https://www.google.com/maps/search/Hong+Kong+75006+Paris;0.49;+0.86 Google signale une clientèle de touristes · -0.29 dîners en solo — plutôt des habitués que des visiteurs · -0.25 vente à emporter · +0.17 fréquentation également répartie semaine / week-end;;
268;osm_n2545292657;Rim Café;Rue de la Harpe, 75005 Paris;https://www.google.com/maps/search/Rim+Caf%C3%A9+Rue+de+la+Harpe%2C+75005+Paris;0.52;+0.86 Google signale une clientèle de touristes · +0.90 accueille des groupes — cars et sorties organisées · -0.29 dîners en solo — plutôt des habitués que des visiteurs · -0.49 ambiance calme · -0.25 vente à emporter · -0.50 classé « familial » · -0.50 café — on y revient · +0.78 fréquentation surtout le week-end;;
269;osm_n6097031660;Topoly;25 Rue Saint-André des Arts, 75006 Paris;https://www.google.com/maps/search/Topoly+25+Rue+Saint-Andr%C3%A9+des+Arts%2C+75006+Paris;0.53;+0.86 Google signale une clientèle de touristes · +0.90 accueille des groupes — cars et sorties organisées · -0.29 dîners en solo — plutôt des habitués que des visiteurs · -1.30 fait de la livraison — on livre des riverains, pas des touristes · -0.25 vente à emporter · +0.60 fréquentation surtout le week-end;;
270;osm_n5485816521;Kathmandu;22 Rue des Boulangers, 75005;https://www.google.com/maps/search/Kathmandu+22+Rue+des+Boulangers%2C+75005;0.55;+0.86 Google signale une clientèle de touristes · +0.90 accueille des groupes — cars et sorties organisées · +1.11 positionné « romantique » — repas de destination · -0.29 dîners en solo — plutôt des habitués que des visiteurs · -0.49 ambiance calme · -1.30 fait de la livraison — on livre des riverains, pas des touristes · -0.25 vente à emporter;;
271;osm_n9667186285;Terronia;Terronia, 11 Rue des Boulangers, 75005 Paris;https://www.google.com/maps/search/Terronia+Terronia%2C+11+Rue+des+Boulangers%2C+75005+Paris;0.55;+0.86 Google signale une clientèle de touristes · +0.90 accueille des groupes — cars et sorties organisées · +1.11 positionné « romantique » — repas de destination · -0.29 dîners en solo — plutôt des habitués que des visiteurs · -0.49 ambiance calme · -1.30 fait de la livraison — on livre des riverains, pas des touristes · -0.25 vente à emporter;;
272;osm_n4810971522;Localino;10 Rue de l'Odéon, 75006 Paris;https://www.google.com/maps/search/Localino+10+Rue+de+l%27Od%C3%A9on%2C+75006+Paris;0.56;+0.86 Google signale une clientèle de touristes · -0.29 dîners en solo — plutôt des habitués que des visiteurs · -0.01 fréquentation également répartie semaine / week-end;;
273;osm_n3734846129;Café de la Tourelle;5 Rue Hautefeuille, 75006 Paris;https://www.google.com/maps/search/Caf%C3%A9+de+la+Tourelle+5+Rue+Hautefeuille%2C+75006+Paris;0.57;+0.86 Google signale une clientèle de touristes · -0.29 dîners en solo — plutôt des habitués que des visiteurs;;
274;osm_n4936562224;Cucina Mutualité;20 Rue Saint-Victor, 75005 Paris;https://www.google.com/maps/search/Cucina+Mutualit%C3%A9+20+Rue+Saint-Victor%2C+75005+Paris;0.57;+0.86 Google signale une clientèle de touristes · -0.29 dîners en solo — plutôt des habitués que des visiteurs;;
275;osm_n1684658949;Otto;5 Rue Mouffetard, 75005 Paris;https://www.google.com/maps/search/Otto+5+Rue+Mouffetard%2C+75005+Paris;0.57;+0.86 Google signale une clientèle de touristes · -0.29 dîners en solo — plutôt des habitués que des visiteurs;;
276;osm_n4652718890;Sétopa;6 Rue Dupuytren, 75006 Paris;https://www.google.com/maps/search/S%C3%A9topa+6+Rue+Dupuytren%2C+75006+Paris;0.57;+0.86 Google signale une clientèle de touristes · -0.29 dîners en solo — plutôt des habitués que des visiteurs;;
277;osm_n697029135;Bouillon de l'île;66 Rue Saint-Louis en l'Île, 75004 Paris;https://www.google.com/maps/search/Bouillon+de+l%27%C3%AEle+66+Rue+Saint-Louis+en+l%27%C3%8Ele%2C+75004+Paris;0.58;-0.25 vente à emporter · -0.18 fréquentation également répartie semaine / week-end · +1.00 les avis citent Notre-Dame;;
278;osm_n10048944674;Chez l'oncle Lin;FR, 47 Rue de la Montagne Ste Geneviève, 75005 Paris;https://www.google.com/maps/search/Chez+l%27oncle+Lin+FR%2C+47+Rue+de+la+Montagne+Ste+Genevi%C3%A8ve%2C+75005+Paris;;pas assez d'indices — a juger a la main;;
279;osm_n9859233489;Narro;72 Rue du Cardinal Lemoine, 75005;https://www.google.com/maps/search/Narro+72+Rue+du+Cardinal+Lemoine%2C+75005;;pas assez d'indices — a juger a la main;;
280;osm_n9525603859;Paldo;15 Rue Lagrange, 75005 Paris;https://www.google.com/maps/search/Paldo+15+Rue+Lagrange%2C+75005+Paris;0.66;-0.25 vente à emporter · +0.90 fréquentation surtout le week-end;;
281;osm_n622303213;Maison Cluny;3 Rue de Cluny, 75005 Paris;https://www.google.com/maps/search/Maison+Cluny+3+Rue+de+Cluny%2C+75005+Paris;0.68;+0.86 Google signale une clientèle de touristes · -0.29 dîners en solo — plutôt des habitués que des visiteurs · -0.49 ambiance calme · +0.60 les avis parlent de « cuisine française » en bloc;;
282;osm_n2534816972;L'Atelier des Nouilles;55 Rue Saint-André des Arts, 75006 Paris;https://www.google.com/maps/search/L%27Atelier+des+Nouilles+55+Rue+Saint-Andr%C3%A9+des+Arts%2C+75006+Paris;0.70;+0.86 Google signale une clientèle de touristes · -0.29 dîners en solo — plutôt des habitués que des visiteurs · -0.25 vente à emporter · +0.37 fréquentation également répartie semaine / week-end;;
283;osm_n7849213032;Bonvivant;7 Rue des Écoles;https://www.google.com/maps/search/Bonvivant+7+Rue+des+%C3%89coles;0.73;+0.86 Google signale une clientèle de touristes · +0.90 accueille des groupes — cars et sorties organisées · -0.29 dîners en solo — plutôt des habitués que des visiteurs · -1.30 fait de la livraison — on livre des riverains, pas des touristes · -0.25 vente à emporter · +0.80 fréquentation surtout le week-end;;
284;osm_n2545292647;Le Lac de l'Ouest;Rue de la Harpe;https://www.google.com/maps/search/Le+Lac+de+l%27Ouest+Rue+de+la+Harpe;0.74;+0.86 Google signale une clientèle de touristes · -0.29 dîners en solo — plutôt des habitués que des visiteurs · -0.49 ambiance calme · -0.25 vente à emporter · +0.90 les avis parlent de touristes;;
285;osm_n531795728;Colbeh;22 Rue Mouffetard, 75005 Paris;https://www.google.com/maps/search/Colbeh+22+Rue+Mouffetard%2C+75005+Paris;0.74;+0.86 Google signale une clientèle de touristes · +0.90 accueille des groupes — cars et sorties organisées · -0.29 dîners en solo — plutôt des habitués que des visiteurs · -0.49 ambiance calme · -0.25 vente à emporter;;
286;osm_n1681555581;Edogawa;43 Rue Mouffetard, 75005 Paris;https://www.google.com/maps/search/Edogawa+43+Rue+Mouffetard%2C+75005+Paris;0.74;+0.86 Google signale une clientèle de touristes · +0.90 accueille des groupes — cars et sorties organisées · -0.29 dîners en solo — plutôt des habitués que des visiteurs · -0.49 ambiance calme · -0.25 vente à emporter;;
287;osm_n7274734085;Empire Céleste;5 Rue Royer-Collard, 75005 Paris;https://www.google.com/maps/search/Empire+C%C3%A9leste+5+Rue+Royer-Collard%2C+75005+Paris;0.74;+0.86 Google signale une clientèle de touristes · +0.90 accueille des groupes — cars et sorties organisées · -0.29 dîners en solo — plutôt des habitués que des visiteurs · -0.49 ambiance calme · -0.25 vente à emporter;;
288;osm_n4326240394;Gomaya;10 Rue Boutebrie, 75005 Paris;https://www.google.com/maps/search/Gomaya+10+Rue+Boutebrie%2C+75005+Paris;0.74;+0.86 Google signale une clientèle de touristes · +0.90 accueille des groupes — cars et sorties organisées · -0.29 dîners en solo — plutôt des habitués que des visiteurs · -0.49 ambiance calme · -0.25 vente à emporter;;
289;osm_n2276138209;Indonesia;12 Rue de Vaugirard, 75006 Paris;https://www.google.com/maps/search/Indonesia+12+Rue+de+Vaugirard%2C+75006+Paris;0.74;+0.86 Google signale une clientèle de touristes · +0.90 accueille des groupes — cars et sorties organisées · -0.29 dîners en solo — plutôt des habitués que des visiteurs · -0.49 ambiance calme · -0.25 vente à emporter;;
290;osm_n3373098693;Kootchi;40 Rue du Cardinal Lemoine, 75005 Paris;https://www.google.com/maps/search/Kootchi+40+Rue+du+Cardinal+Lemoine%2C+75005+Paris;0.74;+0.86 Google signale une clientèle de touristes · +0.90 accueille des groupes — cars et sorties organisées · -0.29 dîners en solo — plutôt des habitués que des visiteurs · -0.49 ambiance calme · -0.25 vente à emporter;;
291;osm_n7450348315;La Voie lactée;3 Rue des Écoles, 75005 Paris;https://www.google.com/maps/search/La+Voie+lact%C3%A9e+3+Rue+des+%C3%89coles%2C+75005+Paris;0.74;+0.86 Google signale une clientèle de touristes · +0.90 accueille des groupes — cars et sorties organisées · -0.29 dîners en solo — plutôt des habitués que des visiteurs · -0.49 ambiance calme · -0.25 vente à emporter;;
292;osm_n2575207491;Paris Antalya;20 Rue Saint-Séverin, 75005 Paris;https://www.google.com/maps/search/Paris+Antalya+20+Rue+Saint-S%C3%A9verin%2C+75005+Paris;0.76;+0.86 Google signale une clientèle de touristes · -0.29 dîners en solo — plutôt des habitués que des visiteurs · -1.30 fait de la livraison — on livre des riverains, pas des touristes · -0.25 vente à emporter · +0.84 fréquentation surtout le week-end · +0.90 les avis parlent de touristes;;
293;osm_n1314226916;La Crète;85 Rue Mouffetard, 75005 Paris;https://www.google.com/maps/search/La+Cr%C3%A8te+85+Rue+Mouffetard%2C+75005+Paris;0.76;+0.86 Google signale une clientèle de touristes · +0.90 accueille des groupes — cars et sorties organisées · -0.29 dîners en solo — plutôt des habitués que des visiteurs · -0.49 ambiance calme · +0.57 fréquentation surtout le week-end · -0.80 un avis parle du quartier;;
294;osm_n1930542223;La Sirena;Bd Saint-Germain 73, 75005 Paris;https://www.google.com/maps/search/La+Sirena+Bd+Saint-Germain+73%2C+75005+Paris;;pas assez d'indices — a juger a la main;;
295;osm_n8999742321;Phô5;31 Rue St Jacques, 75005 Paris;https://www.google.com/maps/search/Ph%C3%B45+31+Rue+St+Jacques%2C+75005+Paris;0.77;+0.86 Google signale une clientèle de touristes · -0.29 dîners en solo — plutôt des habitués que des visiteurs · -0.25 vente à emporter · +0.45 fréquentation également répartie semaine / week-end;;
296;osm_n3621427794;Royal Luxembourg;3 Rue Gay-Lussac, 75005 Paris;https://www.google.com/maps/search/Royal+Luxembourg+3+Rue+Gay-Lussac%2C+75005+Paris;0.79;+0.86 Google signale une clientèle de touristes · +0.90 accueille des groupes — cars et sorties organisées · -0.29 dîners en solo — plutôt des habitués que des visiteurs · -0.25 vente à emporter · -0.44 fréquentation également répartie semaine / week-end;;
297;osm_n5764283980;Crêperie Bobo;94 Bd Saint-Germain, 75005 Paris;https://www.google.com/maps/search/Cr%C3%AAperie+Bobo+94+Bd+Saint-Germain%2C+75005+Paris;0.79;+0.86 Google signale une clientèle de touristes · -0.29 dîners en solo — plutôt des habitués que des visiteurs · -0.49 ambiance calme · -0.25 vente à emporter · -0.50 café — on y revient · +0.45 fréquentation également répartie semaine / week-end · +1.00 les avis citent Notre-Dame;;
298;osm_n4225805899;L'Épidon de l'Odéon;2 Rue Casimir Delavigne, 75006 Paris;https://www.google.com/maps/search/L%27%C3%89pidon+de+l%27Od%C3%A9on+2+Rue+Casimir+Delavigne%2C+75006+Paris;;pas assez d'indices — a juger a la main;;
299;osm_n1528700502;Le Flore en l’Isle;42 Quai d'Orléans, 75004 Paris;https://www.google.com/maps/search/Le+Flore+en+l%E2%80%99Isle+42+Quai+d%27Orl%C3%A9ans%2C+75004+Paris;0.81;+0.86 Google signale une clientèle de touristes · +0.90 accueille des groupes — cars et sorties organisées · +1.11 positionné « romantique » — repas de destination · -2.89 fréquenté au petit-déjeuner — habitude de quartier · -0.29 dîners en solo — plutôt des habitués que des visiteurs · -0.49 ambiance calme · -0.25 vente à emporter · +0.85 fréquentation surtout le week-end · +1.00 les avis citent Notre-Dame;;
300;osm_n1145811910;Quartier Latin;1 Rue Mouffetard, 75005 Paris;https://www.google.com/maps/search/Quartier+Latin+1+Rue+Mouffetard%2C+75005+Paris;0.84;+0.86 Google signale une clientèle de touristes · +0.90 accueille des groupes — cars et sorties organisées · -0.29 dîners en solo — plutôt des habitués que des visiteurs · -0.49 ambiance calme · -0.25 vente à emporter · -0.80 pizzas à emporter · +0.90 les avis parlent de touristes;;
301;osm_n5426991360;Toppoki;109 Boulevard Saint-Germain;https://www.google.com/maps/search/Toppoki+109+Boulevard+Saint-Germain;0.86;+0.86 Google signale une clientèle de touristes · +0.90 accueille des groupes — cars et sorties organisées · -0.29 dîners en solo — plutôt des habitués que des visiteurs · -1.30 fait de la livraison — on livre des riverains, pas des touristes · -0.25 vente à emporter · +0.94 fréquentation surtout le week-end;;
302;osm_n7726922070;Sahara Café;12 Rue de l'Éperon, 75006 Paris;https://www.google.com/maps/search/Sahara+Caf%C3%A9+12+Rue+de+l%27%C3%89peron%2C+75006+Paris;0.89;-0.50 café — on y revient · +1.39 fréquentation surtout le week-end;;
303;osm_n13100725303;Casimodo;71 Quai de la Tournelle, 75005 Paris;https://www.google.com/maps/search/Casimodo+71+Quai+de+la+Tournelle%2C+75005+Paris;;pas assez d'indices — a juger a la main;;
304;osm_n1528701852;La Brasserie de l’Isle Saint-Louis;55 Quai de Bourbon, 75004 Paris;https://www.google.com/maps/search/La+Brasserie+de+l%E2%80%99Isle+Saint-Louis+55+Quai+de+Bourbon%2C+75004+Paris;0.90;-0.50 classé « familial » · -0.50 café — on y revient · +1.00 les avis citent Notre-Dame · +0.90 les avis parlent de touristes;;
305;osm_n322683091;Thaiger;17 Rue Saint-Séverin, 75005 Paris;https://www.google.com/maps/search/Thaiger+17+Rue+Saint-S%C3%A9verin%2C+75005+Paris;;pas assez d'indices — a juger a la main;;
306;osm_n1696040499;La Petite Bretonne;48 Rue Mouffetard, 75005 Paris;https://www.google.com/maps/search/La+Petite+Bretonne+48+Rue+Mouffetard%2C+75005+Paris;0.99;+0.86 Google signale une clientèle de touristes · +0.90 accueille des groupes — cars et sorties organisées · -0.29 dîners en solo — plutôt des habitués que des visiteurs · -0.49 ambiance calme;;
307;osm_n8143294897;Au Port du Salut;163 bis Rue Saint-Jacques, 75005;https://www.google.com/maps/search/Au+Port+du+Salut+163+bis+Rue+Saint-Jacques%2C+75005;0.99;+0.86 Google signale une clientèle de touristes · +0.90 accueille des groupes — cars et sorties organisées · +1.11 positionné « romantique » — repas de destination · -0.29 dîners en solo — plutôt des habitués que des visiteurs · -1.30 fait de la livraison — on livre des riverains, pas des touristes · -0.25 vente à emporter · -0.05 fréquentation également répartie semaine / week-end;;
308;osm_n251474112;All'Antico Vinaio;3 Rue du Petit Pont, 75005 Paris;https://www.google.com/maps/search/All%27Antico+Vinaio+3+Rue+du+Petit+Pont%2C+75005+Paris;;pas assez d'indices — a juger a la main;;
309;osm_n4399470176;Alliance;5 Rue de Poissy, 75005 Paris;https://www.google.com/maps/search/Alliance+5+Rue+de+Poissy%2C+75005+Paris;;pas assez d'indices — a juger a la main;;
310;osm_n4742842405;L'Initial;9 Rue de Bièvre, 75005 Paris;https://www.google.com/maps/search/L%27Initial+9+Rue+de+Bi%C3%A8vre%2C+75005+Paris;;pas assez d'indices — a juger a la main;;
311;osm_n3350341793;La Solita Taverna;10 Rue du Fouarre, 75005 Paris;https://www.google.com/maps/search/La+Solita+Taverna+10+Rue+du+Fouarre%2C+75005+Paris;;pas assez d'indices — a juger a la main;;
312;osm_n12856836906;Little Respiro;18 Rue Maître Albert, 75005 Paris;https://www.google.com/maps/search/Little+Respiro+18+Rue+Ma%C3%AEtre+Albert%2C+75005+Paris;;pas assez d'indices — a juger a la main;;
313;osm_n7288511279;Mirama;17 Rue Saint-Jacques;https://www.google.com/maps/search/Mirama+17+Rue+Saint-Jacques;;pas assez d'indices — a juger a la main;;
314;osm_n7159616227;Respiro;18 Rue Maître Albert, 75005 Paris;https://www.google.com/maps/search/Respiro+18+Rue+Ma%C3%AEtre+Albert%2C+75005+Paris;;pas assez d'indices — a juger a la main;;
315;osm_n4076727470;Le Méchoui du Prince;36 Rue Monsieur le Prince, 75006 Paris;https://www.google.com/maps/search/Le+M%C3%A9choui+du+Prince+36+Rue+Monsieur+le+Prince%2C+75006+Paris;1.05;+0.86 Google signale une clientèle de touristes · +0.90 accueille des groupes — cars et sorties organisées · +1.11 positionné « romantique » — repas de destination · -0.29 dîners en solo — plutôt des habitués que des visiteurs · -0.49 ambiance calme · -0.25 vente à emporter · -0.80 un avis anglophone parle d'habitués;;
316;osm_n1941648254;Étoile Gourmet;22 Boulevard Saint-Germain, 75005 Paris;https://www.google.com/maps/search/%C3%89toile+Gourmet+22+Boulevard+Saint-Germain%2C+75005+Paris;1.08;+0.86 Google signale une clientèle de touristes · +0.90 accueille des groupes — cars et sorties organisées · -0.29 dîners en solo — plutôt des habitués que des visiteurs · -0.49 ambiance calme · -1.30 fait de la livraison — on livre des riverains, pas des touristes · -0.25 vente à emporter · +0.64 fréquentation surtout le week-end · +1.00 les avis citent Notre-Dame;;
317;osm_n3457466993;Le Soufflot;16 Rue Soufflot, 75005 Paris;https://www.google.com/maps/search/Le+Soufflot+16+Rue+Soufflot%2C+75005+Paris;1.17;+0.86 Google signale une clientèle de touristes · +0.90 accueille des groupes — cars et sorties organisées · -2.89 fréquenté au petit-déjeuner — habitude de quartier · -0.29 dîners en solo — plutôt des habitués que des visiteurs · -0.25 vente à emporter · -0.50 café — on y revient · +0.53 fréquentation surtout le week-end · +1.20 les avis parlent d'escargots · +1.00 les avis parlent de soupe à l'oignon · +0.60 les avis citent le Panthéon;;
318;osm_n2788471663;Flocon;75 Rue Mouffetard, 75005 Paris;https://www.google.com/maps/search/Flocon+75+Rue+Mouffetard%2C+75005+Paris;1.20;+0.86 Google signale une clientèle de touristes · +1.11 positionné « romantique » — repas de destination · -0.29 dîners en solo — plutôt des habitués que des visiteurs · -0.49 ambiance calme;;
319;osm_n2893828822;Lava;9 Rue de la Montagne Ste Geneviève, 75005 Paris;https://www.google.com/maps/search/Lava+9+Rue+de+la+Montagne+Ste+Genevi%C3%A8ve%2C+75005+Paris;1.20;+0.86 Google signale une clientèle de touristes · +1.11 positionné « romantique » — repas de destination · -0.29 dîners en solo — plutôt des habitués que des visiteurs · -0.49 ambiance calme;;
320;osm_n9178798917;Muku;8 Rue Suger, 75006;https://www.google.com/maps/search/Muku+8+Rue+Suger%2C+75006;1.20;+0.86 Google signale une clientèle de touristes · +1.11 positionné « romantique » — repas de destination · -0.29 dîners en solo — plutôt des habitués que des visiteurs · -0.49 ambiance calme;;
321;osm_n6498943091;X Lagrange;10 Rue Lagrange, 75005 Paris;https://www.google.com/maps/search/X+Lagrange+10+Rue+Lagrange%2C+75005+Paris;1.20;+0.86 Google signale une clientèle de touristes · +0.90 accueille des groupes — cars et sorties organisées · -0.29 dîners en solo — plutôt des habitués que des visiteurs · -1.30 fait de la livraison — on livre des riverains, pas des touristes · -0.25 vente à emporter · +0.27 fréquentation également répartie semaine / week-end · +1.00 les avis citent Notre-Dame;;
322;osm_n6226490387;Les Crêpes de Louis-Marie;1 Rue de l'Arbalète, 75005 Paris;https://www.google.com/maps/search/Les+Cr%C3%AApes+de+Louis-Marie+1+Rue+de+l%27Arbal%C3%A8te%2C+75005+Paris;1.21;+0.86 Google signale une clientèle de touristes · +0.90 accueille des groupes — cars et sorties organisées · -0.29 dîners en solo — plutôt des habitués que des visiteurs · -0.49 ambiance calme · -1.30 fait de la livraison — on livre des riverains, pas des touristes · -0.25 vente à emporter · +0.87 fréquentation surtout le week-end · +0.90 les avis parlent de touristes;;
323;osm_n2575207518;Olympie;Rue Xavier Privas;https://www.google.com/maps/search/Olympie+Rue+Xavier+Privas;1.22;+0.86 Google signale une clientèle de touristes · -0.29 dîners en solo — plutôt des habitués que des visiteurs · -0.25 vente à emporter · +0.90 les avis parlent de touristes;;
324;osm_n9843859460;El Cervantes;46 Rue Daubenton, 75005 Paris;https://www.google.com/maps/search/El+Cervantes+46+Rue+Daubenton%2C+75005+Paris;1.23;+0.86 Google signale une clientèle de touristes · +0.90 accueille des groupes — cars et sorties organisées · -0.29 dîners en solo — plutôt des habitués que des visiteurs · -0.25 vente à emporter;;
325;osm_n1750350274;Kokodak;36 Rue Mouffetard, 75005 Paris;https://www.google.com/maps/search/Kokodak+36+Rue+Mouffetard%2C+75005+Paris;1.23;+0.86 Google signale une clientèle de touristes · +0.90 accueille des groupes — cars et sorties organisées · -0.29 dîners en solo — plutôt des habitués que des visiteurs · -0.25 vente à emporter;;
326;osm_n2788471676;Li Beyrouth;72 Rue Mouffetard, 75005;https://www.google.com/maps/search/Li+Beyrouth+72+Rue+Mouffetard%2C+75005;1.23;+0.86 Google signale une clientèle de touristes · +0.90 accueille des groupes — cars et sorties organisées · -0.29 dîners en solo — plutôt des habitués que des visiteurs · -0.25 vente à emporter;;
327;osm_n2417976078;Mr & Mrs Crab;20 Rue de la Huchette, 75005 Paris;https://www.google.com/maps/search/Mr+%26+Mrs+Crab+20+Rue+de+la+Huchette%2C+75005+Paris;1.23;+0.86 Google signale une clientèle de touristes · +0.90 accueille des groupes — cars et sorties organisées · -0.29 dîners en solo — plutôt des habitués que des visiteurs · -0.25 vente à emporter;;
328;osm_n7335623414;Pacha;4 Bis Rue des Écoles, 75005 Paris;https://www.google.com/maps/search/Pacha+4+Bis+Rue+des+%C3%89coles%2C+75005+Paris;1.23;+0.86 Google signale une clientèle de touristes · +0.90 accueille des groupes — cars et sorties organisées · -0.29 dîners en solo — plutôt des habitués que des visiteurs · -0.25 vente à emporter;;
329;osm_n3350341694;Le Dante;2 Rue Dante, 75005 Paris;https://www.google.com/maps/search/Le+Dante+2+Rue+Dante%2C+75005+Paris;1.24;+0.86 Google signale une clientèle de touristes · +0.90 accueille des groupes — cars et sorties organisées · -2.89 fréquenté au petit-déjeuner — habitude de quartier · -0.29 dîners en solo — plutôt des habitués que des visiteurs · -0.25 vente à emporter · +1.00 les avis parlent de soupe à l'oignon · +1.00 les avis citent Notre-Dame · +0.90 les avis parlent de touristes;;
330;osm_n2575207490;L'Escale de Notre-Dame;12 Rue Xavier Privas, 75005 Paris;https://www.google.com/maps/search/L%27Escale+de+Notre-Dame+12+Rue+Xavier+Privas%2C+75005+Paris;1.24;+0.86 Google signale une clientèle de touristes · -0.29 dîners en solo — plutôt des habitués que des visiteurs · -0.25 vente à emporter · +0.32 fréquentation également répartie semaine / week-end · +0.60 les avis parlent de « cuisine française » en bloc;;
331;osm_n5866476206;Anatolie Dürüm;9 rue de la Harpe, 75005 Paris;https://www.google.com/maps/search/Anatolie+D%C3%BCr%C3%BCm+9+rue+de+la+Harpe%2C+75005+Paris;1.27;+0.86 Google signale une clientèle de touristes · +0.90 accueille des groupes — cars et sorties organisées · -0.29 dîners en solo — plutôt des habitués que des visiteurs · -0.49 ambiance calme · -1.30 fait de la livraison — on livre des riverains, pas des touristes · -0.25 vente à emporter · +0.83 fréquentation surtout le week-end · +1.00 les avis citent Notre-Dame;;
332;osm_n2575207492;Au Bon Couscous;Rue Xavier Privas, 75005 Paris;https://www.google.com/maps/search/Au+Bon+Couscous+Rue+Xavier+Privas%2C+75005+Paris;1.28;+0.86 Google signale une clientèle de touristes · +0.90 accueille des groupes — cars et sorties organisées · -0.29 dîners en solo — plutôt des habitués que des visiteurs · -0.49 ambiance calme · -0.25 vente à emporter · +0.54 fréquentation surtout le week-end;;
333;osm_n2536521871;Chez Gladines;44 Boulevard Saint-Germain, 75005;https://www.google.com/maps/search/Chez+Gladines+44+Boulevard+Saint-Germain%2C+75005;1.28;+0.86 Google signale une clientèle de touristes · +0.90 accueille des groupes — cars et sorties organisées · -0.29 dîners en solo — plutôt des habitués que des visiteurs · -1.30 fait de la livraison — on livre des riverains, pas des touristes · -0.25 vente à emporter · +0.46 fréquentation également répartie semaine / week-end · +0.90 les avis parlent de confit de canard;;
334;osm_n13838624636;La Rosace;8 Rue du Cloître Notre-Dame, 75004 Paris;https://www.google.com/maps/search/La+Rosace+8+Rue+du+Clo%C3%AEtre+Notre-Dame%2C+75004+Paris;1.32;+0.86 Google signale une clientèle de touristes · -0.29 dîners en solo — plutôt des habitués que des visiteurs · -0.25 vente à emporter · +1.00 les avis citent Notre-Dame;;
335;osm_n6532221254;La Scarpetta;29 Rue Descartes, 75005 Paris;https://www.google.com/maps/search/La+Scarpetta+29+Rue+Descartes%2C+75005+Paris;1.34;+0.86 Google signale une clientèle de touristes · +0.90 accueille des groupes — cars et sorties organisées · -0.29 dîners en solo — plutôt des habitués que des visiteurs · -0.49 ambiance calme · -0.25 vente à emporter · +0.60 les avis citent le Panthéon;;
336;osm_n2038949589;Chez René;14 Bd Saint-Germain, 75005 Paris;https://www.google.com/maps/search/Chez+Ren%C3%A9+14+Bd+Saint-Germain%2C+75005+Paris;1.37;+0.86 Google signale une clientèle de touristes · -0.29 dîners en solo — plutôt des habitués que des visiteurs · -0.50 café — on y revient · +1.20 les avis parlent d'escargots · +0.90 les avis parlent de bœuf bourguignon · -0.80 un avis anglophone parle d'habitués;;
337;osm_n3623282848;Méjane;100 Rue Monge, 75005 Paris;https://www.google.com/maps/search/M%C3%A9jane+100+Rue+Monge%2C+75005+Paris;1.37;+0.86 Google signale une clientèle de touristes · +0.90 accueille des groupes — cars et sorties organisées · -0.29 dîners en solo — plutôt des habitués que des visiteurs · -0.25 vente à emporter · +0.94 fréquentation surtout le week-end · -0.80 un avis parle du quartier;;
338;osm_n9561130815;Au Lys d'Argent;90 Rue Saint-Louis en l'Île;https://www.google.com/maps/search/Au+Lys+d%27Argent+90+Rue+Saint-Louis+en+l%27%C3%8Ele;1.44;+0.86 Google signale une clientèle de touristes · -0.29 dîners en solo — plutôt des habitués que des visiteurs · -0.49 ambiance calme · -0.25 vente à emporter · +0.60 fréquentation surtout le week-end · +1.00 les avis parlent de soupe à l'oignon;;
339;osm_n1134402720;La Méthode;2 Rue Descartes, 75005 Paris;https://www.google.com/maps/search/La+M%C3%A9thode+2+Rue+Descartes%2C+75005+Paris;1.44;+0.86 Google signale une clientèle de touristes · +0.90 accueille des groupes — cars et sorties organisées · -2.89 fréquenté au petit-déjeuner — habitude de quartier · -0.29 dîners en solo — plutôt des habitués que des visiteurs · -0.25 vente à emporter · +1.20 les avis parlent d'escargots · +1.00 les avis parlent de soupe à l'oignon · +0.90 les avis parlent de touristes;;
340;osm_n2254138883;Café Latin;30 Rue Saint-André des Arts, 75006 Paris;https://www.google.com/maps/search/Caf%C3%A9+Latin+30+Rue+Saint-Andr%C3%A9+des+Arts%2C+75006+Paris;1.44;+0.86 Google signale une clientèle de touristes · +0.90 accueille des groupes — cars et sorties organisées · -2.89 fréquenté au petit-déjeuner — habitude de quartier · -0.29 dîners en solo — plutôt des habitués que des visiteurs · -0.25 vente à emporter · -0.50 café — on y revient · +1.00 les avis parlent de soupe à l'oignon · +0.90 les avis parlent de confit de canard · +0.80 les avis parlent de crème brûlée · +0.90 les avis parlent de touristes;;
341;osm_n4788616221;5 Séverin;5 Rue Saint-Séverin, 75005 Paris;https://www.google.com/maps/search/5+S%C3%A9verin+5+Rue+Saint-S%C3%A9verin%2C+75005+Paris;1.47;+0.86 Google signale une clientèle de touristes · +0.90 accueille des groupes — cars et sorties organisées · -0.29 dîners en solo — plutôt des habitués que des visiteurs;;
342;osm_n5501826624;LM Restaurant;13 Rue de Médicis, 75006 Paris;https://www.google.com/maps/search/LM+Restaurant+13+Rue+de+M%C3%A9dicis%2C+75006+Paris;1.47;+0.86 Google signale une clientèle de touristes · +0.90 accueille des groupes — cars et sorties organisées · -0.29 dîners en solo — plutôt des habitués que des visiteurs;;
343;osm_n6097031658;Crêperie des Arts;27 Rue Saint-André des Arts, 75006 Paris;https://www.google.com/maps/search/Cr%C3%AAperie+des+Arts+27+Rue+Saint-Andr%C3%A9+des+Arts%2C+75006+Paris;1.52;+0.86 Google signale une clientèle de touristes · -0.29 dîners en solo — plutôt des habitués que des visiteurs · -0.49 ambiance calme · -0.25 vente à emporter · +0.68 fréquentation surtout le week-end · +1.00 les avis citent Notre-Dame;;
344;osm_n6219096286;Les Fêtes Galantes;17 Rue de l'École Polytechnique, 75005;https://www.google.com/maps/search/Les+F%C3%AAtes+Galantes+17+Rue+de+l%27%C3%89cole+Polytechnique%2C+75005;1.52;+0.86 Google signale une clientèle de touristes · -0.29 dîners en solo — plutôt des habitués que des visiteurs · -0.25 vente à emporter · +1.20 les avis parlent d'escargots;;
345;osm_n7131523297;El Picaflor;9 Rue Lacépède, 75005 Paris;https://www.google.com/maps/search/El+Picaflor+9+Rue+Lac%C3%A9p%C3%A8de%2C+75005+Paris;1.54;+0.86 Google signale une clientèle de touristes · +0.90 accueille des groupes — cars et sorties organisées · +1.11 positionné « romantique » — repas de destination · -0.29 dîners en solo — plutôt des habitués que des visiteurs · -0.25 vente à emporter · -0.80 traiteur — clientèle qui repasse;;
346;osm_n447033643;Amarvi;9 Rue Cujas, 75005 Paris;https://www.google.com/maps/search/Amarvi+9+Rue+Cujas%2C+75005+Paris;1.59;+0.86 Google signale une clientèle de touristes · +1.11 positionné « romantique » — repas de destination · -0.29 dîners en solo — plutôt des habitués que des visiteurs · -0.49 ambiance calme · -0.25 vente à emporter · +0.04 fréquentation également répartie semaine / week-end · +0.60 les avis citent le Panthéon;;
347;osm_n10048944675;La Table de Colette;17 Rue Laplace, 75005;https://www.google.com/maps/search/La+Table+de+Colette+17+Rue+Laplace%2C+75005;1.60;+1.00 classé « gastronomique » — on s'y déplace · +0.60 les avis citent le Panthéon;;
348;osm_n6035003151;Pain d'Épices;12 Rue Jean du Bellay, 75004 Paris;https://www.google.com/maps/search/Pain+d%27%C3%89pices+12+Rue+Jean+du+Bellay%2C+75004+Paris;1.64;+0.86 Google signale une clientèle de touristes · +0.90 accueille des groupes — cars et sorties organisées · -0.29 dîners en solo — plutôt des habitués que des visiteurs · -0.49 ambiance calme · -0.25 vente à emporter · +0.90 les avis parlent de touristes;;
349;osm_n2730945396;Le Petit Prince de Paris;12 Rue de Lanneau, 75005 Paris;https://www.google.com/maps/search/Le+Petit+Prince+de+Paris+12+Rue+de+Lanneau%2C+75005+Paris;1.65;-0.25 vente à emporter · +1.00 classé « gastronomique » — on s'y déplace · -0.50 classé « familial » · -0.50 café — on y revient · +1.00 les avis parlent de soupe à l'oignon · +0.90 les avis parlent de touristes;;
350;osm_n1109569673;Welcome to Istanbul;4 Rue du Petit Pont, 75005 Paris;https://www.google.com/maps/search/Welcome+to+Istanbul+4+Rue+du+Petit+Pont%2C+75005+Paris;1.66;+0.86 Google signale une clientèle de touristes · +0.90 accueille des groupes — cars et sorties organisées · -0.29 dîners en solo — plutôt des habitués que des visiteurs · -1.30 fait de la livraison — on livre des riverains, pas des touristes · -0.25 vente à emporter · -0.80 traiteur — clientèle qui repasse · +0.63 fréquentation surtout le week-end · +1.00 les avis citent Notre-Dame · +0.90 les avis parlent de touristes;;
351;osm_n1109781722;Pee Bee;9 Rue Lagrange;https://www.google.com/maps/search/Pee+Bee+9+Rue+Lagrange;1.67;+0.86 Google signale une clientèle de touristes · +0.90 accueille des groupes — cars et sorties organisées · +1.11 positionné « romantique » — repas de destination · -0.29 dîners en solo — plutôt des habitués que des visiteurs · -1.30 fait de la livraison — on livre des riverains, pas des touristes · -0.25 vente à emporter · -1.00 classé « à emporter » · -0.50 café — on y revient · +0.23 fréquentation également répartie semaine / week-end · +1.00 les avis citent Notre-Dame · +0.90 les avis parlent de touristes;;
352;osm_n1145811883;Le Volcan;10 Rue Thouin, 75005 Paris;https://www.google.com/maps/search/Le+Volcan+10+Rue+Thouin%2C+75005+Paris;1.67;+0.86 Google signale une clientèle de touristes · +0.90 accueille des groupes — cars et sorties organisées · -0.29 dîners en solo — plutôt des habitués que des visiteurs · +1.00 les avis parlent de soupe à l'oignon · -0.80 un avis parle du quartier;;
353;osm_n2868233080;L'Estrapade;15 Rue de l'Estrapade, 75005 Paris;https://www.google.com/maps/search/L%27Estrapade+15+Rue+de+l%27Estrapade%2C+75005+Paris;1.70;+1.00 les avis parlent de soupe à l'oignon · +0.90 les avis parlent de touristes · +0.60 les avis citent le Panthéon · -0.80 un avis parle du quartier;;
354;osm_n913722029;Mexi & Co;10 Rue Dante, 75005 Paris;https://www.google.com/maps/search/Mexi+%26+Co+10+Rue+Dante%2C+75005+Paris;1.71;+0.86 Google signale une clientèle de touristes · -0.29 dîners en solo — plutôt des habitués que des visiteurs · -0.25 vente à emporter · +0.49 fréquentation également répartie semaine / week-end · +0.90 les avis parlent de touristes;;
355;osm_n1109677556;Soho Trattoria;33 Rue Saint-Jacques, 75005 Paris;https://www.google.com/maps/search/Soho+Trattoria+33+Rue+Saint-Jacques%2C+75005+Paris;1.72;+0.86 Google signale une clientèle de touristes · +0.90 accueille des groupes — cars et sorties organisées · -0.29 dîners en solo — plutôt des habitués que des visiteurs · -1.30 fait de la livraison — on livre des riverains, pas des touristes · -0.25 vente à emporter · +0.79 fréquentation surtout le week-end · +1.00 les avis citent Notre-Dame;;
356;osm_n4154116901;Le nul part ailleurs;3 Rue du Haut Pavé, 75005;https://www.google.com/maps/search/Le+nul+part+ailleurs+3+Rue+du+Haut+Pav%C3%A9%2C+75005;1.72;+0.86 Google signale une clientèle de touristes · +0.90 accueille des groupes — cars et sorties organisées · -0.25 vente à emporter · +1.00 les avis citent Notre-Dame · -0.80 un avis parle d'habitués;;
357;osm_n2534780420;Red Grill;11 Rue de la Huchette, 75005 Paris;https://www.google.com/maps/search/Red+Grill+11+Rue+de+la+Huchette%2C+75005+Paris;1.74;+0.86 Google signale une clientèle de touristes · +0.90 accueille des groupes — cars et sorties organisées · -0.29 dîners en solo — plutôt des habitués que des visiteurs · -1.30 fait de la livraison — on livre des riverains, pas des touristes · -0.25 vente à emporter · +0.82 fréquentation surtout le week-end · +1.00 les avis citent Notre-Dame;;
358;osm_n3241023468;Le Paradiso;81 Rue Saint-Louis en l'Île, 75004 Paris;https://www.google.com/maps/search/Le+Paradiso+81+Rue+Saint-Louis+en+l%27%C3%8Ele%2C+75004+Paris;1.74;+0.86 Google signale une clientèle de touristes · +0.90 accueille des groupes — cars et sorties organisées · -0.29 dîners en solo — plutôt des habitués que des visiteurs · -0.49 ambiance calme · -0.25 vente à emporter · -0.80 pizzas à emporter · +0.80 les avis parlent de crème brûlée · +1.00 les avis citent Notre-Dame;;
359;osm_n9525603856;Le palais de la griserie;13 Rue Lagrange, 75005 Paris;https://www.google.com/maps/search/Le+palais+de+la+griserie+13+Rue+Lagrange%2C+75005+Paris;1.74;+0.86 Google signale une clientèle de touristes · +0.90 accueille des groupes — cars et sorties organisées · -0.29 dîners en solo — plutôt des habitués que des visiteurs · -0.49 ambiance calme · -0.25 vente à emporter · +1.00 les avis citent Notre-Dame;;
360;osm_n9849041608;Le Petit Médicis;13 Rue de Médicis, 75006 Paris;https://www.google.com/maps/search/Le+Petit+M%C3%A9dicis+13+Rue+de+M%C3%A9dicis%2C+75006+Paris;1.78;+0.86 Google signale une clientèle de touristes · -0.29 dîners en solo — plutôt des habitués que des visiteurs · -0.49 ambiance calme · -0.50 classé « familial » · -0.50 café — on y revient · +1.20 les avis parlent d'escargots · +0.90 les avis parlent de confit de canard · +0.60 les avis parlent de « cuisine française » en bloc;;
361;osm_n2320476429;Bistroy… les Papilles;30 Rue Gay-Lussac, 75005 Paris;https://www.google.com/maps/search/Bistroy%E2%80%A6+les+Papilles+30+Rue+Gay-Lussac%2C+75005+Paris;1.79;+0.86 Google signale une clientèle de touristes · +0.90 accueille des groupes — cars et sorties organisées · +1.11 positionné « romantique » — repas de destination · -0.29 dîners en solo — plutôt des habitués que des visiteurs · -0.80 un avis l'appelle « cantine »;;
362;osm_n3734865225;Le Clou de Paris;1 Rue Danton, 75006 Paris;https://www.google.com/maps/search/Le+Clou+de+Paris+1+Rue+Danton%2C+75006+Paris;1.82;+0.86 Google signale une clientèle de touristes · +0.90 accueille des groupes — cars et sorties organisées · -0.29 dîners en solo — plutôt des habitués que des visiteurs · -0.50 classé « familial » · -0.50 café — on y revient · +0.45 fréquentation également répartie semaine / week-end · +0.90 les avis parlent de touristes;;
363;osm_n4185965139;Vita;9 Rue de l'École de Médecine, 75006 Paris;https://www.google.com/maps/search/Vita+9+Rue+de+l%27%C3%89cole+de+M%C3%A9decine%2C+75006+Paris;1.85;+0.86 Google signale une clientèle de touristes · +0.90 accueille des groupes — cars et sorties organisées · +1.11 positionné « romantique » — repas de destination · -0.29 dîners en solo — plutôt des habitués que des visiteurs · -0.49 ambiance calme · -0.25 vente à emporter;;
364;osm_n6972324522;Le Paradis des Amis;72 Rue Gay-Lussac, 75005 Paris;https://www.google.com/maps/search/Le+Paradis+des+Amis+72+Rue+Gay-Lussac%2C+75005+Paris;1.89;+0.86 Google signale une clientèle de touristes · +0.90 accueille des groupes — cars et sorties organisées · -0.29 dîners en solo — plutôt des habitués que des visiteurs · -0.49 ambiance calme · +0.90 les avis parlent de bœuf bourguignon;;
365;osm_n2534780421;Chez Suzette;17 Rue de la Huchette, 75005 Paris;https://www.google.com/maps/search/Chez+Suzette+17+Rue+de+la+Huchette%2C+75005+Paris;1.90;+1.00 les avis citent Notre-Dame · +0.90 les avis parlent de touristes;;
366;osm_n2838981601;Le Passage;46 Rue des Fossés Saint-Bernard, 75005 Paris;https://www.google.com/maps/search/Le+Passage+46+Rue+des+Foss%C3%A9s+Saint-Bernard%2C+75005+Paris;1.90;+1.00 les avis parlent de soupe à l'oignon · +0.90 les avis parlent de confit de canard;;
367;osm_n7636205992;Le Saint-Pierre;75005 Paris;https://www.google.com/maps/search/Le+Saint-Pierre+75005+Paris;1.91;-0.29 dîners en solo — plutôt des habitués que des visiteurs · +1.00 les avis parlent de soupe à l'oignon · +0.60 les avis parlent de « cuisine française » en bloc · +0.60 les avis citent le Panthéon;;
368;osm_n783272359;Le Choupinet;58 Boulevard Saint-Michel, 75006 Paris;https://www.google.com/maps/search/Le+Choupinet+58+Boulevard+Saint-Michel%2C+75006+Paris;1.94;+0.86 Google signale une clientèle de touristes · +0.90 accueille des groupes — cars et sorties organisées · -0.29 dîners en solo — plutôt des habitués que des visiteurs · -0.25 vente à emporter · -0.50 café — on y revient · +0.61 fréquentation surtout le week-end · +0.60 les avis citent le Panthéon;;
369;osm_n3350297393;La Bûcherie;41 Rue de la Bûcherie, 75005 Paris;https://www.google.com/maps/search/La+B%C3%BBcherie+41+Rue+de+la+B%C3%BBcherie%2C+75005+Paris;2.00;-0.50 classé « familial » · -0.50 café — on y revient · +1.00 vendu pour la vue · +1.00 les avis parlent de soupe à l'oignon · +1.00 les avis citent Notre-Dame;;
370;osm_n10026947121;La Fontaine Saint-Michel;Pl. Saint-Michel, 75005 Paris;https://www.google.com/maps/search/La+Fontaine+Saint-Michel+Pl.+Saint-Michel%2C+75005+Paris;;pas assez d'indices — a juger a la main;;
371;osm_n2575207513;Le Latin;Rue Xavier Privas;https://www.google.com/maps/search/Le+Latin+Rue+Xavier+Privas;2.01;+0.86 Google signale une clientèle de touristes · -0.29 dîners en solo — plutôt des habitués que des visiteurs · +0.44 fréquentation également répartie semaine / week-end · +1.00 les avis parlent de soupe à l'oignon;;
372;osm_n2575207499;Flagrant Délice;16 Rue Saint-Séverin, 75005 Paris;https://www.google.com/maps/search/Flagrant+D%C3%A9lice+16+Rue+Saint-S%C3%A9verin%2C+75005+Paris;2.01;+0.86 Google signale une clientèle de touristes · +0.90 accueille des groupes — cars et sorties organisées · -0.29 dîners en solo — plutôt des habitués que des visiteurs · -0.49 ambiance calme · -1.30 fait de la livraison — on livre des riverains, pas des touristes · -0.25 vente à emporter · +0.57 fréquentation surtout le week-end · +1.00 les avis parlent de soupe à l'oignon · +1.00 les avis citent Notre-Dame;;
373;osm_n1129920957;Kitchen Ter(re);26 Bd Saint-Germain, 75005 Paris;https://www.google.com/maps/search/Kitchen+Ter%28re%29+26+Bd+Saint-Germain%2C+75005+Paris;2.04;+0.86 Google signale une clientèle de touristes · +1.95 positionné haut de gamme · -0.29 dîners en solo — plutôt des habitués que des visiteurs · -0.49 ambiance calme;;
374;osm_n3465494181;L'Escarmouche;40 Rue de la Montagne Sainte-Geneviève;https://www.google.com/maps/search/L%27Escarmouche+40+Rue+de+la+Montagne+Sainte-Genevi%C3%A8ve;2.05;+0.86 Google signale une clientèle de touristes · +0.90 accueille des groupes — cars et sorties organisées · -0.29 dîners en solo — plutôt des habitués que des visiteurs · +0.48 fréquentation également répartie semaine / week-end · +0.90 les avis parlent de touristes · -0.80 un avis parle du quartier;;
375;osm_n8069680005;El Sur;35 Bd Saint-Germain, 75005 Paris;https://www.google.com/maps/search/El+Sur+35+Bd+Saint-Germain%2C+75005+Paris;2.10;+0.86 Google signale une clientèle de touristes · +0.90 accueille des groupes — cars et sorties organisées · -0.29 dîners en solo — plutôt des habitués que des visiteurs · -0.49 ambiance calme · -0.25 vente à emporter · -0.50 café — on y revient · +1.00 vendu pour la vue · +0.86 fréquentation surtout le week-end;;
376;osm_n2788471656;Bistrot 88;88 Rue Mouffetard, 75005 Paris;https://www.google.com/maps/search/Bistrot+88+88+Rue+Mouffetard%2C+75005+Paris;2.13;+0.86 Google signale une clientèle de touristes · +0.90 accueille des groupes — cars et sorties organisées · -0.29 dîners en solo — plutôt des habitués que des visiteurs · -0.25 vente à emporter · +0.90 les avis parlent de confit de canard;;
377;osm_n2534780419;Maison de Gyros;26 Rue de la Huchette, 75005;https://www.google.com/maps/search/Maison+de+Gyros+26+Rue+de+la+Huchette%2C+75005;2.13;+0.86 Google signale une clientèle de touristes · +0.90 accueille des groupes — cars et sorties organisées · -0.29 dîners en solo — plutôt des habitués que des visiteurs · -0.25 vente à emporter · +0.90 les avis parlent de touristes;;
378;osm_n10125185435;Au Bistrot de la Montagne;38 Rue de la Montagne Sainte-Geneviève, 75005 Paris;https://www.google.com/maps/search/Au+Bistrot+de+la+Montagne+38+Rue+de+la+Montagne+Sainte-Genevi%C3%A8ve%2C+75005+Paris;2.14;+0.86 Google signale une clientèle de touristes · +0.90 accueille des groupes — cars et sorties organisées · +1.11 positionné « romantique » — repas de destination · -0.29 dîners en solo — plutôt des habitués que des visiteurs · -0.49 ambiance calme · -0.25 vente à emporter · +0.29 fréquentation également répartie semaine / week-end;;
379;osm_n1145667733;La Vieille Tour;1 Rue du Pot de Fer, 75005 Paris;https://www.google.com/maps/search/La+Vieille+Tour+1+Rue+du+Pot+de+Fer%2C+75005+Paris;2.18;+0.86 Google signale une clientèle de touristes · +0.90 accueille des groupes — cars et sorties organisées · -0.29 dîners en solo — plutôt des habitués que des visiteurs · -0.25 vente à emporter · -0.50 café — on y revient · +0.45 fréquentation également répartie semaine / week-end · +1.00 les avis parlent de soupe à l'oignon;;
380;osm_n582932088;Le Coup de Torchon;187 Rue Saint-Jacques;https://www.google.com/maps/search/Le+Coup+de+Torchon+187+Rue+Saint-Jacques;2.20;+0.86 Google signale une clientèle de touristes · +1.11 positionné « romantique » — repas de destination · -0.29 dîners en solo — plutôt des habitués que des visiteurs · -0.49 ambiance calme · +1.00 les avis parlent de soupe à l'oignon · +0.80 les avis parlent de crème brûlée · -0.80 un avis anglophone parle d'habitués;;
381;osm_n1904888784;Rocaille;24 Rue de la Parcheminerie, 75005 Paris;https://www.google.com/maps/search/Rocaille+24+Rue+de+la+Parcheminerie%2C+75005+Paris;2.28;+0.86 Google signale une clientèle de touristes · -0.29 dîners en solo — plutôt des habitués que des visiteurs · -0.49 ambiance calme · +1.20 les avis parlent d'escargots · +1.00 les avis parlent de soupe à l'oignon;;
382;osm_n2545292611;Crêperie Génia;7 Rue de la Harpe, Paris;https://www.google.com/maps/search/Cr%C3%AAperie+G%C3%A9nia+7+Rue+de+la+Harpe%2C+Paris;2.28;+0.86 Google signale une clientèle de touristes · +0.90 accueille des groupes — cars et sorties organisées · -0.29 dîners en solo — plutôt des habitués que des visiteurs · -0.49 ambiance calme · -0.25 vente à emporter · +0.54 fréquentation surtout le week-end · +1.00 les avis citent Notre-Dame;;
383;osm_n2897679729;La Bobine;60 Rue des Écoles, 75005 Paris;https://www.google.com/maps/search/La+Bobine+60+Rue+des+%C3%89coles%2C+75005+Paris;2.30;-0.50 café — on y revient · +1.20 les avis parlent d'escargots · +1.00 les avis parlent de soupe à l'oignon · +0.60 les avis parlent de « cuisine française » en bloc;;
384;osm_n9470008156;Bistrot La Grange;17 Rue Lagrange, 75005 Paris;https://www.google.com/maps/search/Bistrot+La+Grange+17+Rue+Lagrange%2C+75005+Paris;2.33;+0.86 Google signale une clientèle de touristes · +0.90 accueille des groupes — cars et sorties organisées · -0.29 dîners en solo — plutôt des habitués que des visiteurs · -0.25 vente à emporter · +0.90 les avis parlent de bœuf bourguignon · +1.00 les avis citent Notre-Dame · -0.80 un avis parle du quartier;;
385;osm_n2926036702;Au Moulin à Vent;20 Rue des Fossés Saint-Bernard, 75005 Paris;https://www.google.com/maps/search/Au+Moulin+%C3%A0+Vent+20+Rue+des+Foss%C3%A9s+Saint-Bernard%2C+75005+Paris;2.34;+0.86 Google signale une clientèle de touristes · +0.90 accueille des groupes — cars et sorties organisées · +1.11 positionné « romantique » — repas de destination · -0.29 dîners en solo — plutôt des habitués que des visiteurs · -0.25 vente à emporter;;
386;osm_n2928019600;Luisa Maria;12 Rue Monsieur le Prince, 75006 Paris;https://www.google.com/maps/search/Luisa+Maria+12+Rue+Monsieur+le+Prince%2C+75006+Paris;2.34;+0.86 Google signale une clientèle de touristes · +0.90 accueille des groupes — cars et sorties organisées · +1.11 positionné « romantique » — repas de destination · -0.29 dîners en solo — plutôt des habitués que des visiteurs · -0.25 vente à emporter;;
387;osm_n2445522897;La Cochonaille;Rue de la Harpe;https://www.google.com/maps/search/La+Cochonaille+Rue+de+la+Harpe;2.36;+0.86 Google signale une clientèle de touristes · +0.90 accueille des groupes — cars et sorties organisées · -0.29 dîners en solo — plutôt des habitués que des visiteurs · -1.30 fait de la livraison — on livre des riverains, pas des touristes · -0.25 vente à emporter · +0.24 fréquentation également répartie semaine / week-end · +1.20 les avis parlent d'escargots · +1.00 les avis parlent de soupe à l'oignon;;
388;osm_n2788471653;Saveurs de Savoie;83 Rue Mouffetard, 75005 Paris;https://www.google.com/maps/search/Saveurs+de+Savoie+83+Rue+Mouffetard%2C+75005+Paris;2.47;+0.86 Google signale une clientèle de touristes · +0.90 accueille des groupes — cars et sorties organisées · -0.29 dîners en solo — plutôt des habitués que des visiteurs · +1.00 les avis parlent de soupe à l'oignon;;
389;osm_n2740164604;En face;28 Rue des Écoles, 75005;https://www.google.com/maps/search/En+face+28+Rue+des+%C3%89coles%2C+75005;2.54;+0.86 Google signale une clientèle de touristes · +0.90 accueille des groupes — cars et sorties organisées · -0.29 dîners en solo — plutôt des habitués que des visiteurs · -0.49 ambiance calme · -0.25 vente à emporter · +0.80 fréquentation surtout le week-end · +0.90 les avis parlent de confit de canard · +0.90 les avis parlent de touristes · -0.80 un avis parle du quartier;;
390;osm_n3359519906;Le Buisson ardent;25 Rue Jussieu, 75005 Paris;https://www.google.com/maps/search/Le+Buisson+ardent+25+Rue+Jussieu%2C+75005+Paris;2.59;+0.86 Google signale une clientèle de touristes · +0.90 accueille des groupes — cars et sorties organisées · +1.11 positionné « romantique » — repas de destination · -0.29 dîners en solo — plutôt des habitués que des visiteurs · -0.49 ambiance calme · +0.49 fréquentation également répartie semaine / week-end;;
391;osm_n482519854;Signorvino;Boulevard Saint-Michel;https://www.google.com/maps/search/Signorvino+Boulevard+Saint-Michel;2.63;+0.86 Google signale une clientèle de touristes · +0.90 accueille des groupes — cars et sorties organisées · -0.29 dîners en solo — plutôt des habitués que des visiteurs · -0.49 ambiance calme · +0.64 fréquentation surtout le week-end · +1.00 les avis citent Notre-Dame;;
392;osm_n6136775281;Cèpe & Figue;59-61 Cour du Commerce Saint-André, 75006 Paris;https://www.google.com/maps/search/C%C3%A8pe+%26+Figue+59-61+Cour+du+Commerce+Saint-Andr%C3%A9%2C+75006+Paris;2.63;+0.86 Google signale une clientèle de touristes · +1.11 positionné « romantique » — repas de destination · -0.29 dîners en solo — plutôt des habitués que des visiteurs · -1.30 fait de la livraison — on livre des riverains, pas des touristes · -0.25 vente à emporter · +1.00 les avis parlent de soupe à l'oignon · +0.90 les avis parlent de bœuf bourguignon · +0.60 les avis parlent de « cuisine française » en bloc;;
393;osm_n3797279255;L'Oie qui Fume;23 Rue Frédéric Sauton, 75005 Paris;https://www.google.com/maps/search/L%27Oie+qui+Fume+23+Rue+Fr%C3%A9d%C3%A9ric+Sauton%2C+75005+Paris;2.64;+0.86 Google signale une clientèle de touristes · +0.90 accueille des groupes — cars et sorties organisées · -0.29 dîners en solo — plutôt des habitués que des visiteurs · -0.49 ambiance calme · -0.25 vente à emporter · -0.50 café — on y revient · +0.80 les avis parlent de crème brûlée · +0.60 les avis parlent de « cuisine française » en bloc · +1.00 les avis citent Notre-Dame;;
394;osm_n11236918477;La dédicace;9 Rue Laplace, 75005 Paris;https://www.google.com/maps/search/La+d%C3%A9dicace+9+Rue+Laplace%2C+75005+Paris;2.68;+0.86 Google signale une clientèle de touristes · -0.29 dîners en solo — plutôt des habitués que des visiteurs · -0.49 ambiance calme · +1.20 les avis parlent d'escargots · +0.80 les avis parlent de crème brûlée · +0.60 les avis parlent de « cuisine française » en bloc;;
395;osm_n2529721887;Union Square;Rue de la Harpe;https://www.google.com/maps/search/Union+Square+Rue+de+la+Harpe;2.70;+1.00 les avis parlent de soupe à l'oignon · +0.90 les avis parlent de bœuf bourguignon · +0.80 les avis parlent de crème brûlée;;
396;osm_n3457445993;Terra Nera;18 Rue des Fossés Saint-Jacques;https://www.google.com/maps/search/Terra+Nera+18+Rue+des+Foss%C3%A9s+Saint-Jacques;2.70;+0.86 Google signale une clientèle de touristes · +0.90 accueille des groupes — cars et sorties organisées · +1.11 positionné « romantique » — repas de destination · -0.29 dîners en solo — plutôt des habitués que des visiteurs · -0.49 ambiance calme · +0.60 les avis citent le Panthéon;;
397;osm_n739770210;Restaurant de La Mosquée de Paris;39 Rue Geoffroy-Saint-Hilaire, 75005 Paris;https://www.google.com/maps/search/Restaurant+de+La+Mosqu%C3%A9e+de+Paris+39+Rue+Geoffroy-Saint-Hilaire%2C+75005+Paris;2.75;+0.86 Google signale une clientèle de touristes · +0.90 accueille des groupes — cars et sorties organisées · +1.11 positionné « romantique » — repas de destination · +3.95 mis en avant comme lieu historique · -2.89 fréquenté au petit-déjeuner — habitude de quartier · -0.29 dîners en solo — plutôt des habitués que des visiteurs · -1.30 fait de la livraison — on livre des riverains, pas des touristes · -0.25 vente à emporter · +0.65 fréquentation surtout le week-end;;
398;osm_n9813148797;La Côte ou la Cuisse;8 Rue Tournefort, 75005 Paris;https://www.google.com/maps/search/La+C%C3%B4te+ou+la+Cuisse+8+Rue+Tournefort%2C+75005+Paris;2.77;+0.86 Google signale une clientèle de touristes · -0.29 dîners en solo — plutôt des habitués que des visiteurs · +1.20 les avis parlent d'escargots · +1.00 les avis parlent de soupe à l'oignon;;
399;osm_n3650444745;Café G;15 Place Saint-André des Arts, 75006 Paris;https://www.google.com/maps/search/Caf%C3%A9+G+15+Place+Saint-Andr%C3%A9+des+Arts%2C+75006+Paris;2.78;+0.86 Google signale une clientèle de touristes · +0.90 accueille des groupes — cars et sorties organisées · -0.29 dîners en solo — plutôt des habitués que des visiteurs · -0.50 café — on y revient · +0.81 fréquentation surtout le week-end · +1.00 les avis parlent de soupe à l'oignon;;
400;osm_n3350313193;Pizza Verone;6 Rue du Petit Pont, 75005 Paris;https://www.google.com/maps/search/Pizza+Verone+6+Rue+du+Petit+Pont%2C+75005+Paris;2.80;+1.00 les avis parlent de soupe à l'oignon · +0.80 les avis parlent de crème brûlée · +1.00 les avis citent Notre-Dame;;
401;osm_n2745761616;Le Bistro du Périgord;71 Rue St Jacques, 75005 Paris;https://www.google.com/maps/search/Le+Bistro+du+P%C3%A9rigord+71+Rue+St+Jacques%2C+75005+Paris;2.81;+0.86 Google signale une clientèle de touristes · +0.90 accueille des groupes — cars et sorties organisées · +1.11 positionné « romantique » — repas de destination · -0.29 dîners en solo — plutôt des habitués que des visiteurs · -0.49 ambiance calme · -0.25 vente à emporter · +0.06 fréquentation également répartie semaine / week-end · +0.90 les avis parlent de confit de canard;;
402;osm_n2575207512;Plante de Jade;17 Rue Xavier Privas, 75005 Paris;https://www.google.com/maps/search/Plante+de+Jade+17+Rue+Xavier+Privas%2C+75005+Paris;2.90;+1.00 les avis parlent de soupe à l'oignon · +1.00 les avis citent Notre-Dame · +0.90 les avis parlent de touristes;;
403;osm_n1731675379;La Truffière;75005 Paris;https://www.google.com/maps/search/La+Truffi%C3%A8re+75005+Paris;2.90;+0.86 Google signale une clientèle de touristes · +1.11 positionné « romantique » — repas de destination · +1.95 positionné haut de gamme · -0.29 dîners en solo — plutôt des habitués que des visiteurs · -0.49 ambiance calme · -0.25 vente à emporter;;
404;osm_n9435206435;La Capannina;64 Rue de la Montagne Sainte-Geneviève, 75005 Paris;https://www.google.com/maps/search/La+Capannina+64+Rue+de+la+Montagne+Sainte-Genevi%C3%A8ve%2C+75005+Paris;2.94;+0.86 Google signale une clientèle de touristes · +0.90 accueille des groupes — cars et sorties organisées · +1.11 positionné « romantique » — repas de destination · -0.29 dîners en solo — plutôt des habitués que des visiteurs · -0.25 vente à emporter · +0.60 les avis citent le Panthéon;;
405;osm_n4154116900;Beaurepaire;1 Rue de la Bûcherie, 75005 Paris;https://www.google.com/maps/search/Beaurepaire+1+Rue+de+la+B%C3%BBcherie%2C+75005+Paris;3.00;+0.86 Google signale une clientèle de touristes · +0.90 accueille des groupes — cars et sorties organisées · +1.11 positionné « romantique » — repas de destination · -0.29 dîners en solo — plutôt des habitués que des visiteurs · -0.49 ambiance calme · +0.90 les avis parlent de touristes;;
406;osm_n2613703963;La Jacobine;59-61 Rue Saint-André des Arts, 75006 Paris;https://www.google.com/maps/search/La+Jacobine+59-61+Rue+Saint-Andr%C3%A9+des+Arts%2C+75006+Paris;3.05;+0.86 Google signale une clientèle de touristes · +1.11 positionné « romantique » — repas de destination · -0.29 dîners en solo — plutôt des habitués que des visiteurs · +0.37 fréquentation également répartie semaine / week-end · +1.00 les avis parlent de soupe à l'oignon;;
407;osm_n1667195861;Le Petit Bal perdu;32 Rue Tournefort, 75005 Paris;https://www.google.com/maps/search/Le+Petit+Bal+perdu+32+Rue+Tournefort%2C+75005+Paris;3.13;+0.86 Google signale une clientèle de touristes · +0.90 accueille des groupes — cars et sorties organisées · +1.11 positionné « romantique » — repas de destination · -0.29 dîners en solo — plutôt des habitués que des visiteurs · +0.54 fréquentation surtout le week-end;;
408;osm_n1778496031;Au Père Louis;38 Rue Monsieur le Prince, 75006 Paris;https://www.google.com/maps/search/Au+P%C3%A8re+Louis+38+Rue+Monsieur+le+Prince%2C+75006+Paris;3.24;+0.86 Google signale une clientèle de touristes · +0.90 accueille des groupes — cars et sorties organisées · +1.11 positionné « romantique » — repas de destination · -0.29 dîners en solo — plutôt des habitués que des visiteurs · -0.49 ambiance calme · +0.94 fréquentation surtout le week-end · +1.00 les avis parlent de soupe à l'oignon · -0.80 un avis anglophone parle d'habitués;;
409;osm_n4810971523;La Méditerranée;2 Pl. de l'Odéon, 75006 Paris;https://www.google.com/maps/search/La+M%C3%A9diterran%C3%A9e+2+Pl.+de+l%27Od%C3%A9on%2C+75006+Paris;3.26;+0.86 Google signale une clientèle de touristes · +0.90 accueille des groupes — cars et sorties organisées · +1.11 positionné « romantique » — repas de destination · +1.95 positionné haut de gamme · -0.29 dîners en solo — plutôt des habitués que des visiteurs · -0.49 ambiance calme · -0.80 un avis parle d'habitués;;
410;osm_n6516343395;La Fontaine;20 rue Cuvier;https://www.google.com/maps/search/La+Fontaine+20+rue+Cuvier;3.33;+0.86 Google signale une clientèle de touristes · +0.90 accueille des groupes — cars et sorties organisées · -0.29 dîners en solo — plutôt des habitués que des visiteurs · -0.49 ambiance calme · +0.24 fréquentation également répartie semaine / week-end · +1.20 les avis parlent d'escargots · +0.90 les avis parlent de confit de canard;;
411;osm_n4467001568;Mavrommátis;42 Rue Daubenton;https://www.google.com/maps/search/Mavromm%C3%A1tis+42+Rue+Daubenton;3.35;+0.86 Google signale une clientèle de touristes · +1.11 positionné « romantique » — repas de destination · +1.95 positionné haut de gamme · -0.29 dîners en solo — plutôt des habitués que des visiteurs · -0.49 ambiance calme · +1.00 classé « gastronomique » — on s'y déplace · -0.80 un avis parle d'habitués;;
412;osm_n2910108225;La Fourmi Ailée;8 Rue du Fouarre, 75005 Paris;https://www.google.com/maps/search/La+Fourmi+Ail%C3%A9e+8+Rue+du+Fouarre%2C+75005+Paris;3.35;+0.86 Google signale une clientèle de touristes · +0.90 accueille des groupes — cars et sorties organisées · +1.11 positionné « romantique » — repas de destination · -0.29 dîners en solo — plutôt des habitués que des visiteurs · -0.49 ambiance calme · +0.25 fréquentation également répartie semaine / week-end · +1.00 les avis citent Notre-Dame;;
413;osm_n390266577;Les Pipos;2 Rue de l'École Polytechnique, 75005 Paris;https://www.google.com/maps/search/Les+Pipos+2+Rue+de+l%27%C3%89cole+Polytechnique%2C+75005+Paris;3.37;+0.86 Google signale une clientèle de touristes · +0.90 accueille des groupes — cars et sorties organisées · -0.29 dîners en solo — plutôt des habitués que des visiteurs · -0.49 ambiance calme · -0.25 vente à emporter · +0.23 fréquentation également répartie semaine / week-end · +0.90 les avis parlent de bœuf bourguignon · +0.90 les avis parlent de confit de canard · +0.60 les avis citent le Panthéon;;
414;osm_n7202562085;La Pie Noir;5 Rue de la Montagne Ste Geneviève, 75005 Paris;https://www.google.com/maps/search/La+Pie+Noir+5+Rue+de+la+Montagne+Ste+Genevi%C3%A8ve%2C+75005+Paris;3.46;+0.86 Google signale une clientèle de touristes · +0.90 accueille des groupes — cars et sorties organisées · +1.11 positionné « romantique » — repas de destination · -0.29 dîners en solo — plutôt des habitués que des visiteurs · -0.49 ambiance calme · +0.36 fréquentation également répartie semaine / week-end · +1.00 les avis citent Notre-Dame;;
415;osm_n8843031249;Le Montebello;1 Quai de Montebello, 75005 Paris;https://www.google.com/maps/search/Le+Montebello+1+Quai+de+Montebello%2C+75005+Paris;3.52;+0.86 Google signale une clientèle de touristes · +0.90 accueille des groupes — cars et sorties organisées · -0.29 dîners en solo — plutôt des habitués que des visiteurs · -0.25 vente à emporter · +1.20 fréquentation surtout le week-end · +1.00 les avis citent Notre-Dame · +0.90 les avis parlent de touristes · -0.80 un avis anglophone parle d'habitués;;
416;osm_n1133077162;Le Grand Amalfi;9 Quai de Montebello, 75005;https://www.google.com/maps/search/Le+Grand+Amalfi+9+Quai+de+Montebello%2C+75005;3.63;+0.86 Google signale une clientèle de touristes · +0.90 accueille des groupes — cars et sorties organisées · +1.11 positionné « romantique » — repas de destination · -0.29 dîners en solo — plutôt des habitués que des visiteurs · -0.49 ambiance calme · +0.73 fréquentation surtout le week-end · +0.80 les avis parlent de crème brûlée;;
417;osm_n715507915;Atelier Maître Albert;1 Rue Maître Albert, 75005;https://www.google.com/maps/search/Atelier+Ma%C3%AEtre+Albert+1+Rue+Ma%C3%AEtre+Albert%2C+75005;3.64;+0.86 Google signale une clientèle de touristes · +0.90 accueille des groupes — cars et sorties organisées · +1.11 positionné « romantique » — repas de destination · +1.95 positionné haut de gamme · -0.29 dîners en solo — plutôt des habitués que des visiteurs · -0.49 ambiance calme · -1.30 fait de la livraison — on livre des riverains, pas des touristes · -0.25 vente à emporter · +0.13 fréquentation également répartie semaine / week-end · +1.00 les avis citent Notre-Dame;;
418;osm_n3363762494;Auberge Notre-Dame;69 Quai de la Tournelle, 75005 Paris;https://www.google.com/maps/search/Auberge+Notre-Dame+69+Quai+de+la+Tournelle%2C+75005+Paris;3.70;+0.86 Google signale une clientèle de touristes · +0.90 accueille des groupes — cars et sorties organisées · -0.29 dîners en solo — plutôt des habitués que des visiteurs · -0.49 ambiance calme · -0.25 vente à emporter · -0.50 café — on y revient · +0.76 fréquentation surtout le week-end · +1.00 les avis parlent de soupe à l'oignon · +0.90 les avis parlent de bœuf bourguignon · +0.80 les avis parlent de crème brûlée;;
419;osm_n10017125283;Le Petit Panthéon;47 Rue Monge, 75005 Paris;https://www.google.com/maps/search/Le+Petit+Panth%C3%A9on+47+Rue+Monge%2C+75005+Paris;3.73;+0.86 Google signale une clientèle de touristes · +0.90 accueille des groupes — cars et sorties organisées · -0.29 dîners en solo — plutôt des habitués que des visiteurs · -0.25 vente à emporter · +1.00 les avis parlent de soupe à l'oignon · +0.90 les avis parlent de bœuf bourguignon · +0.60 les avis parlent de « cuisine française » en bloc;;
420;osm_n251125928;Le Lutétia Île Saint-Louis;33 Quai de Bourbon, 75004;https://www.google.com/maps/search/Le+Lut%C3%A9tia+%C3%8Ele+Saint-Louis+33+Quai+de+Bourbon%2C+75004;3.74;+0.86 Google signale une clientèle de touristes · +0.90 accueille des groupes — cars et sorties organisées · -0.29 dîners en solo — plutôt des habitués que des visiteurs · -0.49 ambiance calme · -0.25 vente à emporter · +1.00 vendu pour la vue · +1.00 les avis parlent de soupe à l'oignon · +1.00 les avis citent Notre-Dame;;
421;osm_n3350341693;Loufoque;57 Rue Galande, 75005;https://www.google.com/maps/search/Loufoque+57+Rue+Galande%2C+75005;3.76;+0.86 Google signale une clientèle de touristes · +0.90 accueille des groupes — cars et sorties organisées · +2.00 fréquentation surtout le week-end;;
422;osm_n7889123885;Bistro des Livres;44 Rue Galande, 75005 Paris;https://www.google.com/maps/search/Bistro+des+Livres+44+Rue+Galande%2C+75005+Paris;3.87;+0.86 Google signale une clientèle de touristes · +1.11 positionné « romantique » — repas de destination · -0.29 dîners en solo — plutôt des habitués que des visiteurs · -0.49 ambiance calme · +0.47 fréquentation également répartie semaine / week-end · +1.20 les avis parlent d'escargots · +1.00 les avis citent Notre-Dame;;
423;osm_n5132850848;Sola;12 Rue de l'Hôtel Colbert, 75005 Paris;https://www.google.com/maps/search/Sola+12+Rue+de+l%27H%C3%B4tel+Colbert%2C+75005+Paris;3.90;+0.86 Google signale une clientèle de touristes · +1.11 positionné « romantique » — repas de destination · +1.95 positionné haut de gamme · -0.29 dîners en solo — plutôt des habitués que des visiteurs · -0.49 ambiance calme · -0.25 vente à emporter · +1.00 classé « gastronomique » — on s'y déplace;;
424;osm_n5325705422;Le Village Ronsard;Boulevard Saint-Germain, 75005;https://www.google.com/maps/search/Le+Village+Ronsard+Boulevard+Saint-Germain%2C+75005;3.94;+0.86 Google signale une clientèle de touristes · +0.90 accueille des groupes — cars et sorties organisées · -0.29 dîners en solo — plutôt des habitués que des visiteurs · -0.25 vente à emporter · +0.82 fréquentation surtout le week-end · +1.00 les avis parlent de soupe à l'oignon · +0.90 les avis parlent de touristes;;
425;osm_n10064516428;Sorza;51 Rue Saint-Louis en l'Île, 75004 Paris;https://www.google.com/maps/search/Sorza+51+Rue+Saint-Louis+en+l%27%C3%8Ele%2C+75004+Paris;3.95;+0.86 Google signale une clientèle de touristes · +1.11 positionné « romantique » — repas de destination · -0.29 dîners en solo — plutôt des habitués que des visiteurs · -0.49 ambiance calme · -0.25 vente à emporter · +1.20 les avis parlent d'escargots · +1.00 les avis parlent de soupe à l'oignon · +0.80 les avis parlent de crème brûlée;;
426;osm_n1769442128;Le Solstice;45 Rue Claude Bernard, 75005 Paris;https://www.google.com/maps/search/Le+Solstice+45+Rue+Claude+Bernard%2C+75005+Paris;3.95;+0.86 Google signale une clientèle de touristes · +1.11 positionné « romantique » — repas de destination · +1.95 positionné haut de gamme · -0.29 dîners en solo — plutôt des habitués que des visiteurs · -0.49 ambiance calme · +1.00 classé « gastronomique » — on s'y déplace · +0.60 les avis parlent de « cuisine française » en bloc · -0.80 un avis parle du quartier;;
427;osm_n2575207497;Demi Lune;34 Rue Saint-Séverin, 75005 Paris;https://www.google.com/maps/search/Demi+Lune+34+Rue+Saint-S%C3%A9verin%2C+75005+Paris;4.05;+0.86 Google signale une clientèle de touristes · -0.29 dîners en solo — plutôt des habitués que des visiteurs · -0.49 ambiance calme · -0.50 classé « familial » · -0.50 café — on y revient · +0.37 fréquentation également répartie semaine / week-end · +1.20 les avis parlent d'escargots · +1.00 les avis parlent de soupe à l'oignon · +0.80 les avis parlent de crème brûlée · +0.60 les avis parlent de « cuisine française » en bloc · +1.00 les avis citent Notre-Dame;;
428;osm_n4035146419;Comme Chai Toi;13 Quai de Montebello, 75005 Paris;https://www.google.com/maps/search/Comme+Chai+Toi+13+Quai+de+Montebello%2C+75005+Paris;4.10;+0.86 Google signale une clientèle de touristes · +0.90 accueille des groupes — cars et sorties organisées · +1.11 positionné « romantique » — repas de destination · -0.29 dîners en solo — plutôt des habitués que des visiteurs · -0.49 ambiance calme · +1.00 classé « gastronomique » — on s'y déplace · +1.00 les avis citent Notre-Dame;;
429;osm_n3085099186;Le Marmiton de Lutèce;6 Rue Saint-Séverin, 75005 Paris;https://www.google.com/maps/search/Le+Marmiton+de+Lut%C3%A8ce+6+Rue+Saint-S%C3%A9verin%2C+75005+Paris;4.14;+0.86 Google signale une clientèle de touristes · +0.90 accueille des groupes — cars et sorties organisées · -0.29 dîners en solo — plutôt des habitués que des visiteurs · -0.49 ambiance calme · +1.15 fréquentation surtout le week-end · +1.00 les avis parlent de soupe à l'oignon · +1.00 les avis citent Notre-Dame;;
430;osm_n2788471668;Les Baux;71 Rue Mouffetard, 75005 Paris;https://www.google.com/maps/search/Les+Baux+71+Rue+Mouffetard%2C+75005+Paris;4.14;+0.86 Google signale une clientèle de touristes · +0.90 accueille des groupes — cars et sorties organisées · +1.11 positionné « romantique » — repas de destination · -0.29 dîners en solo — plutôt des habitués que des visiteurs · -0.49 ambiance calme · -0.50 classé « familial » · +0.74 fréquentation surtout le week-end · +1.20 les avis parlent d'escargots · +0.60 les avis parlent de « cuisine française » en bloc;;
431;osm_n8843031248;Le Reminet;3 Rue des Grands Degrés;https://www.google.com/maps/search/Le+Reminet+3+Rue+des+Grands+Degr%C3%A9s;4.15;+0.86 Google signale une clientèle de touristes · +1.11 positionné « romantique » — repas de destination · +1.95 positionné haut de gamme · -0.29 dîners en solo — plutôt des habitués que des visiteurs · -0.49 ambiance calme · +1.00 classé « gastronomique » — on s'y déplace;;
432;osm_n4873410521;Le Vent d'Armor;25 Quai de la Tournelle, 75005 Paris;https://www.google.com/maps/search/Le+Vent+d%27Armor+25+Quai+de+la+Tournelle%2C+75005+Paris;4.15;+0.86 Google signale une clientèle de touristes · +1.11 positionné « romantique » — repas de destination · +1.95 positionné haut de gamme · -0.29 dîners en solo — plutôt des habitués que des visiteurs · -0.49 ambiance calme · +1.00 classé « gastronomique » — on s'y déplace;;
433;osm_n4403798190;Bistro des Lettres;33 Rue de Bièvre, 75005 Paris;https://www.google.com/maps/search/Bistro+des+Lettres+33+Rue+de+Bi%C3%A8vre%2C+75005+Paris;4.20;+0.86 Google signale une clientèle de touristes · +1.11 positionné « romantique » — repas de destination · -0.29 dîners en solo — plutôt des habitués que des visiteurs · -0.49 ambiance calme · -0.25 vente à emporter · +0.35 fréquentation également répartie semaine / week-end · +1.00 les avis parlent de soupe à l'oignon · +0.90 les avis parlent de confit de canard · +1.00 les avis citent Notre-Dame;;
434;osm_n6742366578;Le Jardin Saint-Germain;9 Rue de l'Éperon, 75006 Paris;https://www.google.com/maps/search/Le+Jardin+Saint-Germain+9+Rue+de+l%27%C3%89peron%2C+75006+Paris;4.20;+0.86 Google signale une clientèle de touristes · +1.11 positionné « romantique » — repas de destination · +1.95 positionné haut de gamme · -0.29 dîners en solo — plutôt des habitués que des visiteurs · -0.49 ambiance calme · -0.25 vente à emporter · +1.20 les avis parlent d'escargots · +0.90 les avis parlent de confit de canard · -0.80 un avis anglophone parle d'habitués;;
435;osm_n1109569346;Jardin Notre-Dame;2 Rue du Petit Pont, 75005 Paris;https://www.google.com/maps/search/Jardin+Notre-Dame+2+Rue+du+Petit+Pont%2C+75005+Paris;4.28;+0.86 Google signale une clientèle de touristes · +0.90 accueille des groupes — cars et sorties organisées · +1.11 positionné « romantique » — repas de destination · -0.29 dîners en solo — plutôt des habitués que des visiteurs · -0.49 ambiance calme · -0.25 vente à emporter · +0.43 fréquentation également répartie semaine / week-end · +1.00 les avis parlent de soupe à l'oignon · +1.00 les avis citent Notre-Dame;;
436;osm_n715454698;Baieta;5 Rue de Pontoise;https://www.google.com/maps/search/Baieta+5+Rue+de+Pontoise;4.35;+0.86 Google signale une clientèle de touristes · +1.11 positionné « romantique » — repas de destination · +1.95 positionné haut de gamme · -0.29 dîners en solo — plutôt des habitués que des visiteurs · -0.49 ambiance calme · +1.00 classé « gastronomique » — on s'y déplace · +0.20 fréquentation également répartie semaine / week-end;;
437;osm_n8113062866;La Sarrasine;12 Rue Jean du Bellay, 75004 Paris;https://www.google.com/maps/search/La+Sarrasine+12+Rue+Jean+du+Bellay%2C+75004+Paris;4.44;+0.86 Google signale une clientèle de touristes · +0.90 accueille des groupes — cars et sorties organisées · -0.29 dîners en solo — plutôt des habitués que des visiteurs · -0.49 ambiance calme · -0.25 vente à emporter · +1.00 les avis parlent de soupe à l'oignon · +0.90 les avis parlent de confit de canard · +0.80 les avis parlent de crème brûlée · +1.00 les avis citent Notre-Dame;;
438;osm_n1930542226;Le Perraudin;157 Rue Saint-Jacques, 75005;https://www.google.com/maps/search/Le+Perraudin+157+Rue+Saint-Jacques%2C+75005;4.63;+0.86 Google signale une clientèle de touristes · +0.90 accueille des groupes — cars et sorties organisées · -0.29 dîners en solo — plutôt des habitués que des visiteurs · -0.25 vente à emporter · +1.00 les avis parlent de soupe à l'oignon · +0.90 les avis parlent de bœuf bourguignon · +0.90 les avis parlent de confit de canard · +0.60 les avis citent le Panthéon;;
439;osm_n4517189189;Le Petit Pontoise;9 Rue de Pontoise, 75005 Paris;https://www.google.com/maps/search/Le+Petit+Pontoise+9+Rue+de+Pontoise%2C+75005+Paris;4.67;+0.86 Google signale une clientèle de touristes · +1.11 positionné « romantique » — repas de destination · -0.29 dîners en solo — plutôt des habitués que des visiteurs · +0.79 fréquentation surtout le week-end · +1.20 les avis parlent d'escargots · +1.00 les avis citent Notre-Dame;;
440;osm_n5949368187;Santorini;25 Rue de la Harpe, 75005 Paris;https://www.google.com/maps/search/Santorini+25+Rue+de+la+Harpe%2C+75005+Paris;4.69;+0.86 Google signale une clientèle de touristes · +0.90 accueille des groupes — cars et sorties organisées · -0.29 dîners en solo — plutôt des habitués que des visiteurs · -0.49 ambiance calme · +1.20 les avis parlent d'escargots · +1.00 les avis parlent de soupe à l'oignon · +0.90 les avis parlent de bœuf bourguignon · +0.60 les avis parlent de « cuisine française » en bloc;;
441;osm_n5949368186;Chez Kelly;27 Rue de la Harpe, 75005 Paris;https://www.google.com/maps/search/Chez+Kelly+27+Rue+de+la+Harpe%2C+75005+Paris;4.70;+0.86 Google signale une clientèle de touristes · +0.90 accueille des groupes — cars et sorties organisées · -0.29 dîners en solo — plutôt des habitués que des visiteurs · -0.49 ambiance calme · +0.51 fréquentation surtout le week-end · +1.20 les avis parlent d'escargots · +1.00 les avis parlent de soupe à l'oignon · +1.00 les avis citent Notre-Dame;;
442;osm_n10083679400;Atsushi Tanaka;4bis Rue du Cardinal Lemoine, 75005 Paris;https://www.google.com/maps/search/Atsushi+Tanaka+4bis+Rue+du+Cardinal+Lemoine%2C+75005+Paris;4.75;+0.86 Google signale une clientèle de touristes · +1.11 positionné « romantique » — repas de destination · +1.95 positionné haut de gamme · -0.29 dîners en solo — plutôt des habitués que des visiteurs · -0.49 ambiance calme · +1.00 classé « gastronomique » — on s'y déplace · +0.60 les avis parlent de « cuisine française » en bloc;;
443;osm_n3797279760;Hébé;15 Rue Frédéric Sauton;https://www.google.com/maps/search/H%C3%A9b%C3%A9+15+Rue+Fr%C3%A9d%C3%A9ric+Sauton;4.75;+0.86 Google signale une clientèle de touristes · +1.11 positionné « romantique » — repas de destination · +1.95 positionné haut de gamme · -0.29 dîners en solo — plutôt des habitués que des visiteurs · -0.49 ambiance calme · +0.60 les avis parlent de « cuisine française » en bloc · +1.00 les avis citent Notre-Dame;;
444;osm_n2575207522;Bistrot 20;20 Rue Saint-Séverin, 75005 Paris;https://www.google.com/maps/search/Bistrot+20+20+Rue+Saint-S%C3%A9verin%2C+75005+Paris;4.75;+0.86 Google signale une clientèle de touristes · +0.90 accueille des groupes — cars et sorties organisées · +1.11 positionné « romantique » — repas de destination · -0.29 dîners en solo — plutôt des habitués que des visiteurs · -0.49 ambiance calme · -1.30 fait de la livraison — on livre des riverains, pas des touristes · -0.25 vente à emporter · +2.00 Google le classe en attraction touristique · +1.20 les avis parlent d'escargots · +1.00 les avis parlent de soupe à l'oignon;;
445;osm_n2529721883;Le Chalet Saint-Michel;Rue de la Harpe;https://www.google.com/maps/search/Le+Chalet+Saint-Michel+Rue+de+la+Harpe;4.80;+0.86 Google signale une clientèle de touristes · +0.90 accueille des groupes — cars et sorties organisées · -0.29 dîners en solo — plutôt des habitués que des visiteurs · -0.49 ambiance calme · +0.61 fréquentation surtout le week-end · +1.20 les avis parlent d'escargots · +1.00 les avis parlent de soupe à l'oignon · +1.00 les avis citent Notre-Dame;;
446;osm_n2534780424;Maison Blanche;Rue de la Huchette;https://www.google.com/maps/search/Maison+Blanche+Rue+de+la+Huchette;4.96;+0.86 Google signale une clientèle de touristes · +0.90 accueille des groupes — cars et sorties organisées · -0.29 dîners en solo — plutôt des habitués que des visiteurs · -0.49 ambiance calme · +0.77 fréquentation surtout le week-end · +1.20 les avis parlent d'escargots · +1.00 les avis parlent de soupe à l'oignon · +1.00 les avis citent Notre-Dame;;
447;osm_n251670428;Bistro des Poèmes;7 Rue Corneille, 75006 Paris;https://www.google.com/maps/search/Bistro+des+Po%C3%A8mes+7+Rue+Corneille%2C+75006+Paris;5.00;+0.86 Google signale une clientèle de touristes · +0.90 accueille des groupes — cars et sorties organisées · +1.11 positionné « romantique » — repas de destination · -0.29 dîners en solo — plutôt des habitués que des visiteurs · -0.49 ambiance calme · +2.00 fréquentation surtout le week-end · +0.90 les avis parlent de confit de canard;;
448;osm_n1950787650;Marco Polo;1 Rue Saint-Sulpice, 75006 Paris;https://www.google.com/maps/search/Marco+Polo+1+Rue+Saint-Sulpice%2C+75006+Paris;5.05;+0.86 Google signale une clientèle de touristes · +1.11 positionné « romantique » — repas de destination · +1.95 positionné haut de gamme · -0.29 dîners en solo — plutôt des habitués que des visiteurs · -0.49 ambiance calme · +1.00 classé « gastronomique » — on s'y déplace · +0.90 les avis parlent de touristes;;
449;osm_n2534780418;Le Jardin du Roy;Rue de la Huchette;https://www.google.com/maps/search/Le+Jardin+du+Roy+Rue+de+la+Huchette;5.06;+0.86 Google signale une clientèle de touristes · +0.90 accueille des groupes — cars et sorties organisées · -0.29 dîners en solo — plutôt des habitués que des visiteurs · -0.25 vente à emporter · -0.50 classé « familial » · -0.50 café — on y revient · +0.73 fréquentation surtout le week-end · +1.20 les avis parlent d'escargots · +1.00 les avis parlent de soupe à l'oignon · +0.90 les avis parlent de confit de canard · +1.00 les avis citent Notre-Dame;;
450;osm_n2534780423;Symposium;Rue de la Huchette;https://www.google.com/maps/search/Symposium+Rue+de+la+Huchette;5.14;+0.86 Google signale une clientèle de touristes · +0.90 accueille des groupes — cars et sorties organisées · -0.29 dîners en solo — plutôt des habitués que des visiteurs · +0.86 fréquentation surtout le week-end · +1.20 les avis parlent d'escargots · +1.00 les avis parlent de soupe à l'oignon · +0.60 les avis parlent de « cuisine française » en bloc;;
451;osm_n2788471694;Bistro Italien;54 Rue Mouffetard, 75005 Paris;https://www.google.com/maps/search/Bistro+Italien+54+Rue+Mouffetard%2C+75005+Paris;5.20;+0.86 Google signale une clientèle de touristes · +0.90 accueille des groupes — cars et sorties organisées · +1.11 positionné « romantique » — repas de destination · -0.29 dîners en solo — plutôt des habitués que des visiteurs · -0.49 ambiance calme · +1.20 les avis parlent d'escargots · +1.00 les avis parlent de soupe à l'oignon · +0.90 les avis parlent de confit de canard;;
452;osm_n1696040500;Le Vieux Bistrot;54 Rue Mouffetard, 75005 Paris;https://www.google.com/maps/search/Le+Vieux+Bistrot+54+Rue+Mouffetard%2C+75005+Paris;5.20;+0.86 Google signale une clientèle de touristes · +0.90 accueille des groupes — cars et sorties organisées · +1.11 positionné « romantique » — repas de destination · -0.29 dîners en solo — plutôt des habitués que des visiteurs · -0.49 ambiance calme · +1.20 les avis parlent d'escargots · +1.00 les avis parlent de soupe à l'oignon · +0.90 les avis parlent de confit de canard;;
453;osm_n582931082;La Petite Périgourdine;39 Rue des Écoles, 75005 Paris;https://www.google.com/maps/search/La+Petite+P%C3%A9rigourdine+39+Rue+des+%C3%89coles%2C+75005+Paris;5.24;+0.86 Google signale une clientèle de touristes · +0.90 accueille des groupes — cars et sorties organisées · -0.29 dîners en solo — plutôt des habitués que des visiteurs · -0.50 café — on y revient · +0.57 fréquentation surtout le week-end · +1.20 les avis parlent d'escargots · +1.00 les avis parlent de soupe à l'oignon · +0.90 les avis parlent de confit de canard · +0.60 les avis citent le Panthéon;;
454;osm_n2529721878;La Petite Hostellerie;35 Rue de la Harpe;https://www.google.com/maps/search/La+Petite+Hostellerie+35+Rue+de+la+Harpe;5.39;+0.86 Google signale une clientèle de touristes · +0.90 accueille des groupes — cars et sorties organisées · -0.29 dîners en solo — plutôt des habitués que des visiteurs · -0.49 ambiance calme · -0.50 classé « familial » · +0.80 fréquentation surtout le week-end · +1.20 les avis parlent d'escargots · +1.00 les avis parlent de soupe à l'oignon · +0.90 les avis parlent de bœuf bourguignon · +1.00 les avis citent Notre-Dame;;
455;osm_w618750324;La Nouvelle Seine;3 Quai de Montebello, 75005 Paris;https://www.google.com/maps/search/La+Nouvelle+Seine+3+Quai+de+Montebello%2C+75005+Paris;5.59;+0.86 Google signale une clientèle de touristes · +0.90 accueille des groupes — cars et sorties organisées · +1.11 positionné « romantique » — repas de destination · -0.29 dîners en solo — plutôt des habitués que des visiteurs · +2.00 fréquentation surtout le week-end · +1.00 les avis citent Notre-Dame;;
456;osm_n3085086585;Ostra Paris;17 Rue du Petit Pont, 75005 Paris;https://www.google.com/maps/search/Ostra+Paris+17+Rue+du+Petit+Pont%2C+75005+Paris;5.63;+0.86 Google signale une clientèle de touristes · +0.90 accueille des groupes — cars et sorties organisées · -0.29 dîners en solo — plutôt des habitués que des visiteurs · +0.96 fréquentation surtout le week-end · +1.20 les avis parlent d'escargots · +1.00 les avis parlent de soupe à l'oignon · +1.00 les avis citent Notre-Dame;;
457;osm_n3351637400;Allard;41 Rue Saint-André des Arts, 75006 Paris;https://www.google.com/maps/search/Allard+41+Rue+Saint-Andr%C3%A9+des+Arts%2C+75006+Paris;5.64;+0.86 Google signale une clientèle de touristes · +1.95 positionné haut de gamme · +3.95 mis en avant comme lieu historique · -0.29 dîners en solo — plutôt des habitués que des visiteurs · -0.49 ambiance calme · -1.30 fait de la livraison — on livre des riverains, pas des touristes · -0.25 vente à emporter · +1.20 les avis parlent d'escargots;;
458;osm_n2575207506;L'Auberge Saint-Séverin;28 Rue Saint-Séverin, 75005 Paris;https://www.google.com/maps/search/L%27Auberge+Saint-S%C3%A9verin+28+Rue+Saint-S%C3%A9verin%2C+75005+Paris;6.09;+0.86 Google signale une clientèle de touristes · +0.90 accueille des groupes — cars et sorties organisées · -0.29 dîners en solo — plutôt des habitués que des visiteurs · -0.25 vente à emporter · +0.56 fréquentation surtout le week-end · +1.00 les avis parlent de soupe à l'oignon · +0.90 les avis parlent de confit de canard · +0.80 les avis parlent de crème brûlée · +0.60 les avis parlent de « cuisine française » en bloc · +1.00 les avis citent Notre-Dame;;
459;osm_n1145811897;La Maison de Verlaine;39 Rue Descartes, 75005 Paris;https://www.google.com/maps/search/La+Maison+de+Verlaine+39+Rue+Descartes%2C+75005+Paris;6.15;+0.86 Google signale une clientèle de touristes · +1.11 positionné « romantique » — repas de destination · +3.95 mis en avant comme lieu historique · -0.29 dîners en solo — plutôt des habitués que des visiteurs · -0.49 ambiance calme · +1.00 les avis parlent de soupe à l'oignon;;
460;osm_n10830590620;Aux anysetiers du roy;61 Rue Saint-Louis en l'Île, 75004 Paris;https://www.google.com/maps/search/Aux+anysetiers+du+roy+61+Rue+Saint-Louis+en+l%27%C3%8Ele%2C+75004+Paris;6.80;+0.86 Google signale une clientèle de touristes · +1.11 positionné « romantique » — repas de destination · +3.95 mis en avant comme lieu historique · -0.29 dîners en solo — plutôt des habitués que des visiteurs · -0.49 ambiance calme · -1.30 fait de la livraison — on livre des riverains, pas des touristes · -0.25 vente à emporter · +1.20 les avis parlent d'escargots · +1.00 les avis parlent de soupe à l'oignon · +0.90 les avis parlent de bœuf bourguignon · +0.90 les avis parlent de confit de canard · -0.80 un avis anglophone parle d'habitués;;
461;osm_n3085086587;Latin Saint-Jacques;4 Rue Saint-Séverin 4, 75005 Paris;https://www.google.com/maps/search/Latin+Saint-Jacques+4+Rue+Saint-S%C3%A9verin+4%2C+75005+Paris;6.89;+0.86 Google signale une clientèle de touristes · +0.90 accueille des groupes — cars et sorties organisées · -0.29 dîners en solo — plutôt des habitués que des visiteurs · +0.51 fréquentation surtout le week-end · +1.20 les avis parlent d'escargots · +1.00 les avis parlent de soupe à l'oignon · +0.90 les avis parlent de confit de canard · +0.80 les avis parlent de crème brûlée · +1.00 les avis citent Notre-Dame;;
462;osm_n2575207507;La Dolce Vita;Rue Xavier Privas;https://www.google.com/maps/search/La+Dolce+Vita+Rue+Xavier+Privas;7.39;+0.86 Google signale une clientèle de touristes · +0.90 accueille des groupes — cars et sorties organisées · -0.29 dîners en solo — plutôt des habitués que des visiteurs · -0.25 vente à emporter · +0.77 fréquentation surtout le week-end · +1.20 les avis parlent d'escargots · +1.00 les avis parlent de soupe à l'oignon · +0.90 les avis parlent de bœuf bourguignon · +0.90 les avis parlent de confit de canard · +0.80 les avis parlent de crème brûlée · +0.60 les avis parlent de « cuisine française » en bloc;;
463;osm_n251671404;Polidor;41 Rue Monsieur le Prince, 75006 Paris;https://www.google.com/maps/search/Polidor+41+Rue+Monsieur+le+Prince%2C+75006+Paris;7.44;+0.86 Google signale une clientèle de touristes · +0.90 accueille des groupes — cars et sorties organisées · +1.11 positionné « romantique » — repas de destination · +3.95 mis en avant comme lieu historique · -0.29 dîners en solo — plutôt des habitués que des visiteurs · +0.90 les avis parlent de bœuf bourguignon;;
464;osm_n1695642573;Bouillon Racine;3 Rue Racine, 75006 Paris;https://www.google.com/maps/search/Bouillon+Racine+3+Rue+Racine%2C+75006+Paris;8.86;+0.86 Google signale une clientèle de touristes · +0.90 accueille des groupes — cars et sorties organisées · +1.11 positionné « romantique » — repas de destination · +1.95 positionné haut de gamme · +3.95 mis en avant comme lieu historique · -0.29 dîners en solo — plutôt des habitués que des visiteurs · +0.38 fréquentation également répartie semaine / week-end;;
465;osm_n251474108;La Tour d'Argent;15 Quai de la Tournelle, 75005 Paris;https://www.google.com/maps/search/La+Tour+d%27Argent+15+Quai+de+la+Tournelle%2C+75005+Paris;9.03;+0.86 Google signale une clientèle de touristes · +1.11 positionné « romantique » — repas de destination · +1.95 positionné haut de gamme · +3.95 mis en avant comme lieu historique · -0.29 dîners en solo — plutôt des habitués que des visiteurs · -0.49 ambiance calme · +1.00 classé « gastronomique » — on s'y déplace · -0.07 fréquentation également répartie semaine / week-end · +1.00 les avis citent Notre-Dame;;
466;osm_n6862401758;Le Petit Châtelet;39 Rue de la Bûcherie;https://www.google.com/maps/search/Le+Petit+Ch%C3%A2telet+39+Rue+de+la+B%C3%BBcherie;9.61;+0.86 Google signale une clientèle de touristes · +0.90 accueille des groupes — cars et sorties organisées · +1.11 positionné « romantique » — repas de destination · +3.95 mis en avant comme lieu historique · -0.29 dîners en solo — plutôt des habitués que des visiteurs · -0.49 ambiance calme · +0.46 fréquentation également répartie semaine / week-end · +1.20 les avis parlent d'escargots · +0.90 les avis parlent de confit de canard · +1.00 les avis citent Notre-Dame;;
467;osm_n1930542208;Le Coupe-Chou;9 Rue de Lanneau, 75005 Paris;https://www.google.com/maps/search/Le+Coupe-Chou+9+Rue+de+Lanneau%2C+75005+Paris;10.10;+0.86 Google signale une clientèle de touristes · +1.11 positionné « romantique » — repas de destination · +1.95 positionné haut de gamme · +3.95 mis en avant comme lieu historique · -0.29 dîners en solo — plutôt des habitués que des visiteurs · -0.49 ambiance calme · +1.00 classé « gastronomique » — on s'y déplace · +2.00 fréquentation surtout le week-end;;
